0.133458 -7065.94
-0.450988 -6902.27
0.542657 -7475.97
0.0884543 -7036.49
-0.230855 -6908.33
0.943867 -8198.1
-0.386224 -6896.88
-0.635822 -6952.84
0.0680373 -7024.08
0.0580076 -7018.2
-0.0520035 -6962.84
-0.576086 -6930.59
0.374081 -7274.18
-0.815381 -7057.62
-0.121346 -6936.5
0.546099 -7480.64
0.468009 -7380.46
-0.0579322 -6960.33
0.735018 -7773.11
-0.0727988 -6954.24
-0.309347 -6898.3
0.182086 -7101.01
-0.359137 -6896.41
0.710898 -7731.44
0.784589 -7863.21
-0.3796 -6896.67
-0.313763 -6898
-0.810767 -7054.15
0.931744 -8169.89
0.408842 -7311.78
0.608664 -7569.21
0.464861 -7376.65
0.371084 -7271.04
-0.0932667 -6946.37
0.768393 -7833.1
0.157738 -7083.03
0.614272 -7577.55
-0.569511 -6928.47
-0.159278 -6924.89
0.272258 -7175.29
0.270065 -7173.35
-0.107951 -6941.1
0.299569 -7200.2
0.474366 -7388.2
-0.175728 -6920.45
0.279152 -7181.46
-0.163021 -6923.86
-0.515545 -6913.86
0.623902 -7592
-0.527773 -6916.77
0.628197 -7598.5
-0.430559 -6899.9
0.743271 -7787.7
0.0553246 -7016.64
-0.0542962 -6961.88
-0.149483 -6927.71
-0.208056 -6912.86
0.827427 -7946.06
0.625856 -7594.94
-0.113196 -6939.28
-0.190071 -6916.9
0.47881 -7393.67
-0.836398 -7073.92
0.767392 -7831.23
-0.679505 -6972.93
0.320098 -7219.7
-0.28425 -6900.58
0.655723 -7641.06
0.271487 -7174.6
-0.594085 -6936.67
-0.040472 -6967.86
-0.228048 -6908.83
-0.698237 -6982.58
0.0893977 -7037.05
0.00455357 -6989.22
-0.172505 -6921.29
-0.52813 -6916.87
0.47873 -7393.57
-0.85353 -7087.95
0.126073 -7060.9
0.484879 -7401.14
0.478981 -7393.87
-0.497816 -6910.04
-0.0157183 -6979.25
0.464958 -7376.76
-0.200894 -6914.42
-0.284377 -6900.56
-0.092089 -6946.83
0.405828 -7308.41
0.650581 -7633.02
-0.740322 -7006.52
-0.41748 -6898.72
0.47195 -7385.27
-0.610977 -6942.86
0.536872 -7468.21
0.267486 -7171.05
0.222705 -7132.96
-0.240258 -6906.66
0.419464 -7323.66
0.0764175 -7029.1
-0.760823 -7019.4
0.34871 -7248
0.293403 -7194.48
0.44467 -7352.64
-0.0345174 -6970.54
-0.351458 -6896.47
0.655733 -7641.08
0.422159 -7326.73
0.393617 -7295.04
0.318564 -7218.22
-0.476437 -6906.09
0.730074 -7764.47
-0.360429 -6896.41
0.93179 -8169.98
-0.162284 -6924.07
-0.481541 -6906.96
0.34798 -7247.25
0.0232799 -6998.92
0.268775 -7172.2
-0.439236 -6900.81
0.448543 -7357.19
-0.333057 -6896.98
-0.467838 -6904.68
0.207123 -7120.43
0.397515 -7299.29
-0.390642 -6897.06
0.133056 -7065.67
-0.00596263 -6983.98
-0.233891 -6907.79
-0.656001 -6961.72
-0.0290472 -6973.01
-0.517122 -6914.21
-0.84345 -7079.63
0.28168 -7183.75
0.549807 -7485.68
-0.102321 -6943.09
0.122906 -7058.77
0.44341 -7351.16
-0.844952 -7080.86
0.461082 -7372.1
-0.435729 -6900.46
-0.812038 -7055.1
0.733914 -7771.19
-0.323798 -6897.4
0.574279 -7519.6
-0.785107 -7035.66
-0.0543203 -6961.87
-0.0582085 -6960.22
-0.0946507 -6945.86
-0.306637 -6898.5
0.0463854 -7011.55
-0.625138 -6948.42
-0.241742 -6906.44
-0.081617 -6950.79
0.692015 -7699.73
0.690692 -7697.53
0.248432 -7154.46
0.287959 -7189.48
-0.584177 -6933.23
-0.185035 -6918.14
0.39494 -7296.48
0.134149 -7066.4
0.607688 -7567.78
-0.362445 -6896.4
-0.063098 -6958.2
-0.720476 -6994.83
0.360938 -7260.5
0.411201 -7314.37
-0.164644 -6923.4
-0.957552 -7187.24
0.582867 -7531.75
0.918367 -8139.28
-0.345181 -6896.61
0.0274586 -7001.14
-0.553005 -6923.51
-0.137982 -6931.18
0.228347 -7137.58
-0.18214 -6918.85
-0.0446717 -6966.01
-0.144659 -6929.14
-0.238987 -6906.89
0.120496 -7057.14
-0.509893 -6912.6
0.645204 -7624.61
-0.520179 -6914.93
0.404899 -7307.4
0.830809 -7952.84
-0.616664 -6945.05
-0.92424 -7152.65
-0.703479 -6985.38
-0.489347 -6908.41
-0.379477 -6896.66
-0.969185 -7199.97
0.482781 -7398.54
-0.292143 -6899.77
-0.670654 -6968.62
0.502114 -7422.84
0.362949 -7262.57
-0.415256 -6898.55
0.428904 -7334.38
0.717595 -7742.88
-0.503101 -6911.12
-0.434604 -6900.33
-0.63588 -6952.87
0.0538203 -7015.77
0.277768 -7180.23
0.30174 -7202.26
-0.142007 -6929.94
0.638309 -7613.96
-0.0604278 -6959.29
0.786729 -7867.22
-0.408867 -6898.06
-0.184368 -6918.28
0.598476 -7554.27
0.43039 -7336.09
0.0735369 -7027.36
-0.589031 -6934.88
-0.199887 -6914.62
0.18538 -7103.51
0.584455 -7534.05
-0.929257 -7157.68
0.126532 -7061.2
-0.834413 -7072.36
-0.0479464 -6964.59
-0.301188 -6898.96
-0.0940202 -6946.11
-0.00296819 -6985.45
0.511882 -7435.39
0.441677 -7349.13
-0.463462 -6904.03
-0.860203 -7093.57
-0.32273 -6897.46
0.0412634 -7008.69
-0.196426 -6915.42
-0.0656498 -6957.16
0.483642 -7399.61
-0.473085 -6905.53
-0.505923 -6911.73
-0.581287 -6932.27
-0.815757 -7057.9
-0.467966 -6904.68
-0.830462 -7069.23
0.149015 -7076.79
-0.225951 -6909.23
0.699153 -7711.63
0.242099 -7149.09
-0.771658 -7026.51
-0.39542 -6897.25
0.67376 -7669.89
-0.0577401 -6960.41
0.414555 -7318.15
0.519999 -7445.9
0.729297 -7763.09
-0.202595 -6914.04
-0.377396 -6896.62
-0.587694 -6934.42
0.636001 -7610.4
-0.0977685 -6944.71
0.441979 -7349.51
-0.363152 -6896.42
0.805304 -7902.66
-0.397875 -6897.39
0.0391056 -7007.49
-0.228919 -6908.69
0.450467 -7359.46
0.653873 -7638.17
-0.687412 -6976.91
-0.794069 -7041.97
-0.184955 -6918.16
-0.344456 -6896.61
-0.377673 -6896.61
-0.632948 -6951.63
0.486614 -7403.32
-0.296819 -6899.33
-0.198492 -6914.95
0.145359 -7074.19
-0.0264487 -6974.21
-0.0302036 -6972.48
0.445919 -7354.11
0.0853022 -7034.55
-0.410157 -6898.14
-0.0577399 -6960.41
0.241158 -7148.31
0.56883 -7511.94
0.283678 -7185.56
0.30942 -7209.49
-0.0693809 -6955.65
-0.092266 -6946.76
-0.169887 -6922.01
0.265374 -7169.2
0.353382 -7252.74
0.579472 -7526.93
0.85538 -8002.88
-0.42366 -6899.24
0.0149715 -6994.55
-0.13072 -6933.46
0.248245 -7154.31
0.0310865 -7003.08
-0.513428 -6913.4
-0.493963 -6909.27
-0.310123 -6898.24
-0.254043 -6904.49
0.418129 -7322.16
0.758588 -7815.18
-0.411083 -6898.23
0.315422 -7215.21
0.508787 -7431.36
0.383011 -7283.66
0.0499479 -7013.57
-0.541246 -6920.26
-0.0827892 -6950.34
-0.428129 -6899.66
0.51255 -7436.22
0.0540528 -7015.91
-0.143567 -6929.49
-0.692913 -6979.76
0.401114 -7303.24
0.704785 -7721.08
0.130175 -7063.69
0.42177 -7326.27
0.406531 -7309.21
-0.111041 -6940.03
0.237236 -7144.99
-0.7428 -7008.03
-0.324008 -6897.39
-0.813314 -7056.06
0.0694613 -7024.9
0.202114 -7116.47
-0.307459 -6898.45
-0.0903866 -6947.45
0.169762 -7091.81
0.509789 -7432.65
-0.244988 -6905.87
0.292663 -7193.82
-0.0140559 -6980.04
0.324701 -7224.17
-0.181835 -6918.92
0.635527 -7609.68
-0.16102 -6924.41
0.535951 -7466.99
-0.232358 -6908.06
0.159013 -7083.94
-0.478714 -6906.46
0.470913 -7383.99
-0.215935 -6911.21
0.387488 -7288.45
-0.526998 -6916.56
0.246974 -7153.23
0.377395 -7277.67
-0.19356 -6916.1
-0.474047 -6905.67
-0.62641 -6948.93
-0.132153 -6933
-0.430354 -6899.87
-0.716342 -6992.47
0.267239 -7170.83
0.490256 -7407.85
-0.418576 -6898.79
-0.822967 -7063.41
-0.428222 -6899.67
0.32418 -7223.68
0.20825 -7121.31
0.196145 -7111.79
0.0627598 -7020.98
0.460504 -7371.4
-0.183955 -6918.38
0.491909 -7409.94
0.369647 -7269.55
-0.0716452 -6954.71
0.43498 -7341.39
-0.322599 -6897.46
-0.09593 -6945.41
0.839105 -7969.55
-0.0405139 -6967.84
0.387299 -7288.23
-0.559743 -6925.49
-0.362528 -6896.4
-0.459074 -6903.38
-0.64264 -6955.76
0.473831 -7387.56
-0.362807 -6896.41
-0.856985 -7090.84
-0.546171 -6921.59
-0.185878 -6917.92
0.179201 -7098.85
0.529416 -7458.3
-0.247185 -6905.53
-0.280722 -6900.98
0.933134 -8173.06
0.619557 -7585.46
0.555295 -7493.17
-0.192863 -6916.26
0.79213 -7877.42
0.110025 -7050.26
0.290183 -7191.52
0.5408 -7473.48
-0.92419 -7152.59
-0.341996 -6896.66
-0.376889 -6896.6
0.251608 -7157.2
0.341244 -7240.47
0.719938 -7746.89
-0.351091 -6896.47
-0.228503 -6908.78
-0.281417 -6900.9
0.816317 -7924.12
-0.420208 -6898.93
-0.667488 -6967.07
-0.421155 -6899.02
0.389411 -7290.53
-0.643111 -6955.96
0.364256 -7263.93
-0.45422 -6902.68
0.0137667 -6993.92
0.340711 -7239.94
-0.471683 -6905.29
0.653461 -7637.53
0.223699 -7133.77
0.118795 -7056.03
0.319051 -7218.7
-0.607929 -6941.72
0.374215 -7274.32
-0.694125 -6980.4
0.16065 -7085.13
0.374453 -7274.57
-0.404807 -6897.78
0.519804 -7445.63
0.100204 -7043.91
-0.296075 -6899.4
0.430004 -7335.65
-0.350886 -6896.48
0.357877 -7257.34
-0.493893 -6909.27
-0.309663 -6898.26
0.838306 -7967.95
-0.82009 -7061.19
0.00976733 -6991.87
0.102702 -7045.5
0.274228 -7177.03
0.0779067 -7029.99
-0.732593 -7001.88
0.309946 -7209.98
0.488322 -7405.45
0.1679 -7090.43
0.114472 -7053.16
0.338719 -7237.99
-0.742876 -7008.1
-0.0521952 -6962.77
0.492698 -7410.92
-0.785685 -7036.07
-0.360198 -6896.41
0.434546 -7340.87
-0.112444 -6939.53
0.0658153 -7022.75
-0.187099 -6917.63
0.0801456 -7031.36
0.221709 -7132.14
-0.60967 -6942.38
-0.121075 -6936.61
0.260191 -7164.62
-0.00116241 -6986.33
-0.236123 -6907.37
0.161361 -7085.65
0.0572242 -7017.74
0.799208 -7890.91
0.199978 -7114.79
-0.859386 -7092.88
-0.488225 -6908.17
-0.00246272 -6985.7
-0.360158 -6896.42
0.16711 -7089.86
0.54645 -7481.1
0.183364 -7101.98
-0.297369 -6899.27
-0.336533 -6896.84
-0.334041 -6896.92
0.159657 -7084.41
0.509912 -7432.82
0.391063 -7292.29
-0.658296 -6962.76
0.383089 -7283.75
-0.111117 -6940
-0.216043 -6911.18
0.533153 -7463.24
0.222543 -7132.83
-0.432707 -6900.12
-0.0917047 -6946.96
0.797773 -7888.18
-0.567708 -6927.9
-0.33004 -6897.09
0.286023 -7187.72
0.528621 -7457.23
0.27689 -7179.43
0.104055 -7046.37
0.449973 -7358.89
0.617521 -7582.39
-0.475529 -6905.94
0.30803 -7208.15
-0.162208 -6924.09
-0.0236198 -6975.53
-0.496712 -6909.84
-0.0446346 -6966.02
-0.356377 -6896.43
-0.545186 -6921.33
-0.728387 -6999.41
0.52263 -7449.36
-0.235143 -6907.56
-0.0728327 -6954.24
0.765175 -7827.16
0.124432 -7059.8
0.241411 -7148.52
-0.511447 -6912.94
0.637593 -7612.87
0.415257 -7318.94
-0.342971 -6896.63
-0.591965 -6935.92
-0.596529 -6937.52
0.626747 -7596.3
-0.0343381 -6970.59
-0.17515 -6920.63
-0.591566 -6935.78
0.430493 -7336.21
0.651902 -7635.08
0.929261 -8164.14
0.633003 -7605.81
0.769702 -7835.49
0.750242 -7800.13
-0.312519 -6898.09
0.0219121 -6998.2
0.67017 -7664.07
0.741722 -7784.93
-0.425337 -6899.4
0.353909 -7253.27
-0.452667 -6902.49
0.491858 -7409.87
0.285901 -7187.59
-0.0612291 -6958.96
0.713006 -7735.01
-0.0769947 -6952.61
-0.644749 -6956.68
0.243205 -7150.03
0.726727 -7758.62
-0.33085 -6897.06
-0.598415 -6938.22
-0.576599 -6930.75
-0.184629 -6918.24
-0.391265 -6897.08
0.121557 -7057.85
0.0535115 -7015.6
0.476847 -7391.23
0.767051 -7830.6
-0.335979 -6896.85
-0.269823 -6902.28
0.0860422 -7034.99
0.247756 -7153.9
-0.23817 -6907.04
0.180044 -7099.47
0.515914 -7440.59
0.256361 -7161.32
-0.0639812 -6957.82
0.707899 -7726.33
-0.674731 -6970.56
-0.419179 -6898.85
0.103792 -7046.21
0.388877 -7289.93
0.305508 -7205.81
-0.392381 -6897.14
-0.500922 -6910.69
0.524926 -7452.38
0.256351 -7161.31
-0.351662 -6896.47
-0.328059 -6897.18
0.270492 -7173.71
0.691799 -7699.37
0.414081 -7317.61
0.463802 -7375.36
0.513868 -7437.93
-0.101018 -6943.54
-0.815561 -7057.74
0.370345 -7270.25
-0.122025 -6936.29
-0.25663 -6904.09
0.0133202 -6993.7
0.00423637 -6989.06
0.90106 -8100.63
-0.121168 -6936.58
-0.574131 -6929.93
-0.45598 -6902.95
-0.642279 -6955.62
-0.764809 -7021.97
0.710428 -7730.64
-0.0251543 -6974.82
0.145466 -7074.26
0.362103 -7261.67
-0.371603 -6896.5
-0.126985 -6934.65
-0.500443 -6910.58
0.550671 -7486.83
0.473136 -7386.69
0.0904446 -7037.75
-0.309535 -6898.29
-0.842508 -7078.86
-0.0718711 -6954.63
0.177895 -7097.86
-0.569783 -6928.56
0.556826 -7495.29
0.400688 -7302.78
-0.433017 -6900.15
0.044099 -7010.26
0.26221 -7166.41
-0.373651 -6896.52
-0.273274 -6901.84
-0.231006 -6908.3
0.193052 -7109.4
0.639082 -7615.12
0.718628 -7744.64
0.495677 -7414.69
0.358158 -7257.64
-0.210683 -6912.3
0.264889 -7168.77
0.289715 -7191.09
-0.829082 -7068.16
-0.0216189 -6976.47
0.549496 -7485.26
-0.456926 -6903.06
-0.0355074 -6970.08
-0.904945 -7133.85
0.680315 -7680.52
0.593969 -7547.75
-0.303174 -6898.79
-0.571997 -6929.25
-0.075245 -6953.27
-0.549729 -6922.59
-0.521242 -6915.18
0.100964 -7044.38
-0.462336 -6903.85
0.487482 -7404.39
0.732006 -7767.83
-0.189528 -6917.03
0.0919302 -7038.66
-0.212048 -6911.98
0.0623179 -7020.7
-0.429629 -6899.81
0.771563 -7838.89
0.0159593 -6995.07
-0.461473 -6903.71
0.320398 -7220.01
0.157007 -7082.47
-0.118541 -6937.44
-0.787138 -7037.1
0.82429 -7939.84
-0.332169 -6897.02
-0.459228 -6903.41
-0.246673 -6905.63
0.813016 -7917.66
0.700136 -7713.27
-0.0308566 -6972.2
-0.197261 -6915.22
0.257907 -7162.66
-0.393629 -6897.17
-0.303068 -6898.78
0.266997 -7170.62
-0.540252 -6919.98
0.777994 -7850.84
-0.488403 -6908.21
0.494962 -7413.78
-0.802165 -7047.81
-0.337299 -6896.8
0.246571 -7152.92
-0.701747 -6984.43
0.560042 -7499.71
0.604089 -7562.48
-0.455651 -6902.91
-0.54873 -6922.3
-0.439321 -6900.82
-0.0192497 -6977.56
0.15375 -7080.15
-0.75574 -7016.15
-0.681666 -6974.04
-0.150549 -6927.38
-0.526248 -6916.41
-0.00947642 -6982.26
0.106897 -7048.2
-0.441742 -6901.13
-0.193922 -6916
-0.579877 -6931.81
-0.644907 -6956.74
-0.546678 -6921.73
0.0602849 -7019.51
0.340766 -7240.01
-0.902449 -7131.49
-0.273019 -6901.88
0.79454 -7882
0.815116 -7921.75
0.227383 -7136.8
0.626136 -7595.36
0.567721 -7510.37
0.380651 -7281.15
-0.203476 -6913.83
0.196102 -7111.76
-0.198414 -6914.96
0.65897 -7646.2
-0.225321 -6909.36
-0.324762 -6897.35
0.417561 -7321.52
-0.0490212 -6964.13
0.747641 -7795.48
0.67711 -7675.31
-0.192553 -6916.32
0.649244 -7630.9
-0.265718 -6902.81
-0.3116 -6898.14
-0.420471 -6898.97
-0.200154 -6914.57
-0.0377684 -6969.07
-0.656215 -6961.82
-0.203962 -6913.72
0.200465 -7115.17
0.254379 -7159.61
0.474171 -7387.96
-0.389644 -6896.99
0.372359 -7272.37
0.319064 -7218.72
0.711191 -7731.93
0.361337 -7260.9
-0.831826 -7070.32
0.518425 -7443.85
0.0843988 -7033.98
-0.162516 -6924
-0.716847 -6992.77
0.814673 -7920.87
-0.514008 -6913.52
0.0282873 -7001.61
-0.751149 -7013.21
-0.318628 -6897.7
0.156999 -7082.46
-0.461248 -6903.7
0.234131 -7142.39
-0.261239 -6903.43
0.0352184 -7005.34
-0.750318 -7012.71
-0.117573 -6937.76
-0.0195198 -6977.45
-0.389021 -6896.99
-0.271518 -6902.07
-0.0600091 -6959.47
-0.150099 -6927.52
-0.706803 -6987.18
0.410451 -7313.57
-0.264716 -6902.96
0.0572578 -7017.76
0.0823643 -7032.72
0.307652 -7207.8
0.455996 -7366.02
-0.830378 -7069.16
-0.267412 -6902.61
0.313744 -7213.61
0.948066 -8207.99
0.120996 -7057.48
-0.495379 -6909.56
0.151366 -7078.46
-0.433516 -6900.23
0.214856 -7126.6
0.467244 -7379.52
0.542242 -7475.42
-0.0439779 -6966.31
-0.411054 -6898.21
-0.0166903 -6978.78
0.337108 -7236.36
-0.411271 -6898.24
0.163818 -7087.43
0.0100699 -6992.02
-0.652052 -6959.92
0.255948 -7160.95
-0.264661 -6902.97
-0.388254 -6896.96
-0.297132 -6899.31
-0.657915 -6962.59
-0.585217 -6933.61
-0.420525 -6898.98
0.201428 -7115.93
-0.591591 -6935.79
-0.161682 -6924.23
0.281199 -7183.31
-0.503662 -6911.25
-0.232199 -6908.09
-0.605552 -6940.82
0.235197 -7143.28
-0.560028 -6925.6
-0.919674 -7148.13
0.420006 -7324.28
0.00974967 -6991.86
-0.373551 -6896.53
0.400525 -7302.59
-0.0946664 -6945.86
0.789239 -7871.94
0.768166 -7832.68
-0.469978 -6905.03
-0.257014 -6904.05
-0.351649 -6896.47
0.165529 -7088.7
-0.46725 -6904.59
-0.0227207 -6975.94
-0.454001 -6902.65
-0.218322 -6910.72
0.329151 -7228.52
-0.0189443 -6977.7
0.274359 -7177.16
0.644253 -7623.12
0.50306 -7424.04
0.377282 -7277.57
-0.308546 -6898.37
-0.326735 -6897.27
0.202437 -7116.72
-0.730185 -7000.47
-0.0772287 -6952.51
-0.151771 -6927.05
-0.862556 -7095.57
0.233149 -7141.58
0.0466569 -7011.69
-0.175071 -6920.63
-0.055212 -6961.48
0.0300102 -7002.53
0.52032 -7446.3
0.393962 -7295.43
0.292352 -7193.54
-0.0880252 -6948.35
0.0187326 -6996.53
-0.0880957 -6948.32
0.605043 -7563.88
-0.17221 -6921.38
-0.430621 -6899.91
-0.0286127 -6973.22
0.764743 -7826.38
0.486141 -7402.74
0.0684831 -7024.34
-0.256951 -6904.05
0.69136 -7698.67
-0.696257 -6981.53
-0.555417 -6924.2
-0.420808 -6899
-0.331539 -6897.04
0.63283 -7605.55
-0.109172 -6940.66
0.726394 -7758.05
0.496774 -7416.05
-0.246814 -6905.61
0.0327044 -7003.97
0.515462 -7440
-0.0193146 -6977.54
-0.702724 -6984.98
-0.480601 -6906.81
0.0441425 -7010.28
-0.339578 -6896.75
-0.662272 -6964.62
-0.447376 -6901.8
-0.104529 -6942.29
-0.222702 -6909.87
-0.277397 -6901.36
-0.142548 -6929.79
-0.0267827 -6974.07
-0.0845419 -6949.68
0.433479 -7339.64
-0.64273 -6955.79
0.293825 -7194.85
0.47204 -7385.39
-0.346479 -6896.57
0.0828416 -7033.01
-0.549906 -6922.62
-0.182676 -6918.7
-0.430036 -6899.84
0.40739 -7310.17
0.920274 -8143.6
0.413583 -7317.05
0.159176 -7084.07
0.651098 -7633.81
-0.273138 -6901.86
0.426436 -7331.56
-0.123628 -6935.76
-0.425383 -6899.4
0.0282001 -7001.56
-0.271012 -6902.13
-0.745098 -7009.45
0.578022 -7524.85
0.213743 -7125.71
-0.198249 -6915
-0.415103 -6898.52
0.299756 -7200.37
-0.569899 -6928.59
0.7877 -7869.03
0.3655 -7265.22
-0.338827 -6896.77
0.213355 -7125.4
-0.648797 -6958.47
-0.0713947 -6954.83
0.69024 -7696.81
0.158928 -7083.89
0.136522 -7068.04
0.507926 -7430.27
-0.783538 -7034.6
0.139138 -7069.85
0.656982 -7643.08
-0.473143 -6905.54
0.408558 -7311.45
-0.34739 -6896.53
0.226784 -7136.31
-0.710471 -6989.2
-0.119346 -6937.19
-0.77677 -7029.97
-0.0524212 -6962.67
-0.291131 -6899.87
0.0745977 -7028
-0.397122 -6897.36
0.478214 -7392.92
-0.745821 -7009.9
-0.751476 -7013.42
-0.41452 -6898.48
-0.599639 -6938.64
-0.112151 -6939.62
0.0308594 -7002.97
0.0615403 -7020.26
0.00333627 -6988.6
-0.349754 -6896.51
-0.0128128 -6980.62
0.152099 -7078.97
-0.220396 -6910.32
-0.559348 -6925.36
0.0598519 -7019.27
0.730728 -7765.6
0.33156 -7230.89
0.255172 -7160.26
0.0864342 -7035.22
-0.411324 -6898.23
0.326363 -7225.79
-0.511421 -6912.94
0.323039 -7222.56
0.0934459 -7039.62
0.144678 -7073.72
-0.529486 -6917.2
-0.258124 -6903.88
-0.0583841 -6960.16
0.204408 -7118.28
-0.084559 -6949.67
-0.165088 -6923.3
0.663993 -7654.2
0.705758 -7722.71
0.374637 -7274.77
-0.439896 -6900.9
0.359217 -7258.72
0.761313 -7820.14
0.416923 -7320.8
-0.321404 -6897.53
-0.165216 -6923.27
0.690764 -7697.67
-0.67754 -6971.95
0.188102 -7105.6
-0.627347 -6949.34
-0.24674 -6905.62
0.153469 -7079.92
0.346488 -7245.78
-0.358437 -6896.42
0.193047 -7109.4
0.522538 -7449.24
0.00016803 -6986.96
0.728125 -7761.06
0.954305 -8222.76
0.377497 -7277.79
-0.317144 -6897.79
-0.160634 -6924.52
-0.366168 -6896.44
0.084843 -7034.26
-0.621786 -6947.06
-0.215802 -6911.25
-0.550043 -6922.66
0.631652 -7603.75
0.247863 -7154
0.193464 -7109.71
0.0235793 -6999.07
-0.33964 -6896.74
-0.755861 -7016.19
0.207436 -7120.68
-0.446419 -6901.68
-0.0405961 -6967.8
-0.0706757 -6955.11
0.349683 -7248.99
0.519402 -7445.12
-0.0256441 -6974.59
-0.500618 -6910.64
0.372484 -7272.51
-0.657625 -6962.46
-0.132983 -6932.74
0.482464 -7398.14
-0.54192 -6920.44
0.0370799 -7006.38
0.110981 -7050.87
-0.274343 -6901.72
0.181285 -7100.4
-0.427257 -6899.56
0.0363687 -7005.98
-0.017516 -6978.39
0.415943 -7319.71
-0.536023 -6918.86
-0.265856 -6902.78
0.533974 -7464.33
0.386831 -7287.74
-0.879622 -7110.51
-0.669364 -6967.97
0.300908 -7201.46
0.253684 -7158.98
-0.0741624 -6953.72
0.126803 -7061.4
0.59016 -7542.22
0.0054333 -6989.64
0.684775 -7687.83
-0.571894 -6929.21
0.219978 -7130.73
-0.782082 -7033.59
-0.395855 -6897.28
-0.502456 -6911.01
0.353214 -7252.57
-0.0528895 -6962.48
-0.857386 -7091.17
-0.813652 -7056.32
0.353703 -7253.07
-0.214955 -6911.42
0.109279 -7049.76
-0.245468 -6905.83
-0.17054 -6921.83
0.421356 -7325.8
0.512169 -7435.73
0.474603 -7388.5
0.535359 -7466.2
-0.628273 -6949.68
0.616682 -7581.14
-0.352279 -6896.46
-0.162203 -6924.1
0.0606929 -7019.75
0.0172154 -6995.72
-0.521043 -6915.13
0.14242 -7072.15
-0.297565 -6899.27
0.191163 -7107.94
0.310568 -7210.59
-0.7402 -7006.45
-0.456061 -6902.95
0.409329 -7312.31
-0.954844 -7184.3
-0.0864833 -6948.93
0.612491 -7574.91
-0.654255 -6960.91
-0.797872 -7044.71
-0.0314508 -6971.9
0.224783 -7134.66
0.121341 -7057.71
-0.0935811 -6946.26
-0.19384 -6916.03
0.727157 -7759.37
-0.026536 -6974.18
0.232751 -7141.25
-0.0813944 -6950.89
0.392547 -7293.9
0.206256 -7119.72
-0.571794 -6929.18
-0.750165 -7012.61
0.671147 -7665.68
0.690484 -7697.21
-0.454642 -6902.76
-0.0437798 -6966.4
-0.829503 -7068.48
-0.186319 -6917.82
0.707885 -7726.31
-0.15319 -6926.61
-0.408211 -6898.02
-0.250607 -6905.02
0.0066125 -6990.25
0.276932 -7179.48
-0.332905 -6896.97
0.1284 -7062.5
-0.944276 -7173.13
-0.57875 -6931.44
0.731462 -7766.9
0.471986 -7385.32
-0.497483 -6909.98
0.262805 -7166.93
-0.357977 -6896.43
0.341604 -7240.86
-0.926365 -7154.78
-0.591246 -6935.67
0.151219 -7078.38
-0.0477016 -6964.7
-0.128732 -6934.09
0.178424 -7098.28
0.59468 -7548.75
-0.457387 -6903.14
0.818391 -7928.2
0.19928 -7114.24
-0.200766 -6914.45
-0.492897 -6909.07
0.673822 -7669.98
0.457258 -7367.5
-0.157078 -6925.51
0.38942 -7290.54
-0.19013 -6916.89
0.215367 -7127.02
-0.378082 -6896.61
0.258543 -7163.22
-0.774804 -7028.62
-0.249468 -6905.18
0.343183 -7242.43
-0.23064 -6908.36
-0.361963 -6896.41
0.179279 -7098.91
0.291624 -7192.82
-0.14838 -6928.03
-0.436206 -6900.51
-0.158725 -6925.05
0.591166 -7543.67
-0.539189 -6919.69
-0.245986 -6905.74
0.0526087 -7015.08
0.356637 -7256.06
0.409936 -7313
-0.525152 -6916.13
-0.444118 -6901.41
0.628057 -7598.26
0.220031 -7130.79
-0.0869208 -6948.76
0.317486 -7217.18
0.209615 -7122.41
0.214306 -7126.17
-0.12541 -6935.18
-0.139231 -6930.79
-0.104083 -6942.46
0.574329 -7519.68
0.458695 -7369.23
0.14809 -7076.15
-0.404514 -6897.77
0.531389 -7460.9
0.960405 -8237.37
-0.0398599 -6968.13
-0.673163 -6969.79
0.981856 -8289.81
0.0730869 -7027.11
0.745753 -7792.1
0.700827 -7714.43
-0.567075 -6927.71
-0.0718246 -6954.64
0.28803 -7189.55
-0.0475906 -6964.76
0.645752 -7625.48
-0.474563 -6905.77
0.22008 -7130.83
-0.200038 -6914.6
-0.18898 -6917.15
-0.143738 -6929.43
0.246925 -7153.18
-0.560071 -6925.6
-0.383374 -6896.78
-0.505595 -6911.64
-0.204368 -6913.65
-0.751849 -7013.65
0.88282 -8060.83
-0.501512 -6910.82
-0.284208 -6900.6
0.484937 -7401.23
0.462403 -7373.68
0.2618 -7166.07
-0.339036 -6896.76
0.13396 -7066.28
0.522128 -7448.69
0.838424 -7968.17
-0.828987 -7068.08
0.250835 -7156.55
-0.516226 -6914.03
-0.231645 -6908.19
0.387697 -7288.66
-0.0303144 -6972.43
0.142574 -7072.26
-0.552001 -6923.22
0.278016 -7180.46
-0.349828 -6896.51
0.408002 -7310.84
0.759692 -7817.18
-0.414655 -6898.47
0.373544 -7273.61
-0.542303 -6920.54
-0.524838 -6916.05
0.328643 -7228.02
-0.610024 -6942.51
0.253943 -7159.23
0.0257198 -7000.2
-0.184257 -6918.33
-0.0394163 -6968.33
0.471588 -7384.82
0.750344 -7800.32
-0.170287 -6921.9
0.209617 -7122.41
-0.604573 -6940.48
0.350404 -7249.72
0.44836 -7356.98
0.432584 -7338.61
-0.432983 -6900.14
-0.463073 -6903.97
0.753624 -7806.21
-0.904185 -7133.14
0.663602 -7653.57
0.594739 -7548.83
-0.549875 -6922.61
-0.663423 -6965.16
0.447339 -7355.76
0.766689 -7829.95
0.139412 -7070.05
-0.503856 -6911.29
0.811439 -7914.56
0.167814 -7090.35
0.421344 -7325.78
0.0187645 -6996.55
-0.37806 -6896.61
0.822995 -7937.29
0.469197 -7381.9
-0.56619 -6927.44
-0.4343 -6900.3
0.285607 -7187.34
0.546373 -7481.02
0.187777 -7105.35
-0.957595 -7187.29
-0.11433 -6938.87
0.344364 -7243.62
0.308688 -7208.79
0.289828 -7191.19
0.64889 -7630.36
0.437098 -7343.82
0.512541 -7436.2
0.609988 -7571.16
-0.505505 -6911.62
-0.0627803 -6958.29
0.197783 -7113.05
0.155341 -7081.29
0.112785 -7052.06
0.547427 -7482.43
-0.136115 -6931.75
0.445318 -7353.41
-0.701634 -6984.37
-0.187452 -6917.52
0.596898 -7551.97
-0.137 -6931.48
-0.170785 -6921.76
0.100282 -7043.96
-0.340308 -6896.72
0.36597 -7265.72
0.466049 -7378.08
-0.307628 -6898.43
0.8476 -7986.85
0.197903 -7113.16
-0.458761 -6903.33
-0.549723 -6922.59
0.689221 -7695.14
0.0777587 -7029.9
0.54065 -7473.28
0.397634 -7299.44
0.363365 -7262.98
-0.141898 -6929.98
0.233265 -7141.67
-0.458035 -6903.23
-0.648291 -6958.24
0.137167 -7068.5
0.383123 -7283.78
-0.426412 -6899.49
-0.523441 -6915.72
-0.280293 -6901.02
-0.0980707 -6944.62
-0.230226 -6908.43
0.580823 -7528.85
-0.252198 -6904.74
0.227622 -7137.01
-0.201981 -6914.19
0.163147 -7086.96
0.434221 -7340.48
0.13168 -7064.72
0.0470322 -7011.93
0.330869 -7230.21
-0.509105 -6912.42
0.0662171 -7023.03
-0.493042 -6909.1
0.256795 -7161.67
0.284255 -7186.1
0.134531 -7066.67
0.27383 -7176.69
0.174777 -7095.52
0.0133162 -6993.69
0.150414 -7077.77
0.656313 -7642.01
-0.508207 -6912.23
-0.705451 -6986.44
-0.782341 -7033.76
0.744694 -7790.21
0.497001 -7416.33
0.0738111 -7027.52
0.0100378 -6992
-0.26065 -6903.5
0.73414 -7771.58
0.184838 -7103.1
0.942731 -8195.43
0.106652 -7048.04
0.445981 -7354.19
-0.629662 -6950.27
0.421557 -7326.05
-0.837253 -7074.63
-0.433396 -6900.21
-0.6334 -6951.83
-0.293023 -6899.68
0.529013 -7457.75
0.397431 -7299.2
0.497174 -7416.57
0.47449 -7388.35
0.0356283 -7005.58
0.605449 -7564.47
-0.0875758 -6948.52
-0.114793 -6938.72
0.0153754 -6994.78
-0.199171 -6914.79
0.183359 -7101.97
-0.859629 -7093.09
-0.878221 -7109.25
0.32517 -7224.65
0.00634481 -6990.12
0.118196 -7055.61
0.730443 -7765.09
0.671019 -7665.48
-0.387627 -6896.92
-0.563348 -6926.59
-0.161116 -6924.37
-0.0428449 -6966.82
-0.0447572 -6965.97
0.586744 -7537.31
-0.574385 -6930
-0.230413 -6908.41
0.360988 -7260.54
-0.0662118 -6956.9
-0.765828 -7022.66
0.643184 -7621.49
-0.412168 -6898.29
0.172182 -7093.6
-0.64665 -6957.51
0.481552 -7397.02
-0.17656 -6920.24
0.297075 -7197.89
0.0208867 -6997.64
0.24581 -7152.23
-0.340701 -6896.7
0.475538 -7389.64
-0.677844 -6972.09
0.732575 -7768.83
0.00911786 -6991.52
0.609316 -7570.23
0.302241 -7202.71
-0.443086 -6901.28
-0.0714133 -6954.82
0.0677629 -7023.9
0.421132 -7325.54
-0.596518 -6937.53
-0.712063 -6990.07
-0.358125 -6896.42
-0.758845 -7018.13
-0.242803 -6906.26
-0.553628 -6923.7
0.411576 -7314.81
-0.432058 -6900.04
-0.0680294 -6956.18
-0.870249 -7102.23
0.0259175 -7000.31
-0.49389 -6909.26
-0.589192 -6934.95
-0.709392 -6988.61
0.626637 -7596.13
-0.132461 -6932.92
-0.343932 -6896.63
-0.630065 -6950.41
0.536472 -7467.67
0.286231 -7187.92
0.160261 -7084.83
0.288481 -7189.95
-0.233061 -6907.93
-0.691806 -6979.19
0.632594 -7605.19
0.182761 -7101.52
-0.478023 -6906.36
0.614266 -7577.54
0.413452 -7316.92
-0.252074 -6904.77
0.0493973 -7013.26
-0.636699 -6953.22
-0.283316 -6900.69
-0.667568 -6967.12
-0.229142 -6908.64
-0.155554 -6925.94
-0.18563 -6917.99
-0.232899 -6907.96
-0.168995 -6922.24
-0.450678 -6902.25
0.489037 -7406.33
-0.0265076 -6974.18
0.567531 -7510.11
0.116174 -7054.29
-0.581149 -6932.23
0.0719348 -7026.4
-0.566646 -6927.58
0.5494 -7485.12
0.705824 -7722.83
-0.49647 -6909.77
0.0601755 -7019.46
0.305458 -7205.76
-0.440325 -6900.95
-0.428803 -6899.71
0.0175487 -6995.9
-0.812122 -7055.17
-0.316347 -6897.83
0.566909 -7509.25
0.235303 -7143.38
-0.692381 -6979.48
-0.529401 -6917.18
-0.118808 -6937.37
-0.239379 -6906.84
0.161048 -7085.39
0.227196 -7136.67
0.254785 -7159.94
-0.327273 -6897.22
-0.369669 -6896.47
-0.409633 -6898.12
0.559584 -7499.08
0.272052 -7175.12
0.558899 -7498.16
-0.190907 -6916.72
0.121881 -7058.08
0.270831 -7174.01
0.584573 -7534.21
0.0662538 -7023.04
0.572456 -7517.03
0.351333 -7250.66
0.380339 -7280.81
0.377887 -7278.21
0.923287 -8150.47
0.545946 -7480.42
-0.389487 -6897
0.392327 -7293.67
-0.406226 -6897.87
-0.0400343 -6968.05
0.0837941 -7033.59
0.14964 -7077.21
-0.342551 -6896.67
0.862839 -8018.42
-0.100462 -6943.74
0.266418 -7170.11
0.253578 -7158.9
-0.617592 -6945.42
0.227513 -7136.91
0.664036 -7654.27
0.033034 -7004.16
-0.598183 -6938.14
0.383105 -7283.77
-0.0298585 -6972.62
0.468825 -7381.46
0.554727 -7492.42
-0.290813 -6899.89
0.847364 -7986.37
-0.232572 -6908.01
0.263537 -7167.56
0.580807 -7528.83
0.569657 -7513.11
-0.468083 -6904.71
0.55692 -7495.41
-0.74685 -7010.54
-0.0896628 -6947.72
0.159473 -7084.28
0.137685 -7068.85
0.751526 -7802.43
0.466786 -7378.98
0.366488 -7266.23
0.468597 -7381.2
-0.137455 -6931.35
0.0748274 -7028.13
0.868473 -8030.26
-0.649019 -6958.56
0.474017 -7387.76
-0.293496 -6899.66
-0.0305925 -6972.33
0.128694 -7062.68
0.483075 -7398.91
0.492971 -7411.27
0.359838 -7259.34
0.34589 -7245.14
0.110298 -7050.42
0.695693 -7705.84
0.398365 -7300.23
0.600175 -7556.75
0.300842 -7201.41
-0.562349 -6926.26
0.672551 -7667.91
-0.71348 -6990.87
-0.678312 -6972.35
0.613205 -7575.94
0.318637 -7218.3
-0.0828536 -6950.32
0.401999 -7304.2
0.321366 -7220.95
-0.000157054 -6986.89
0.0976187 -7042.25
-0.10933 -6940.61
-0.0555266 -6961.34
0.156328 -7082.02
0.174211 -7095.1
-0.470171 -6905.05
-0.459456 -6903.45
-0.307321 -6898.47
-0.263028 -6903.18
-0.0672572 -6956.48
0.86899 -8031.33
-0.334763 -6896.9
-0.284067 -6900.62
0.347058 -7246.34
-0.0599516 -6959.5
0.117484 -7055.15
-0.182292 -6918.81
0.114573 -7053.22
0.0493462 -7013.23
0.320855 -7220.45
-0.611107 -6942.91
0.421134 -7325.54
-0.0709105 -6955.01
0.637145 -7612.18
0.533756 -7464.04
0.0985121 -7042.82
0.728631 -7761.94
0.0711291 -7025.94
-0.227178 -6909.02
0.196178 -7111.82
-0.31034 -6898.24
0.341339 -7240.58
0.334536 -7233.84
-0.214472 -6911.51
-0.451189 -6902.3
-0.429116 -6899.77
0.547846 -7483
-0.0402028 -6967.99
0.325691 -7225.15
-0.935637 -7164.16
0.160603 -7085.09
-0.491072 -6908.7
0.0538756 -7015.79
-0.49324 -6909.15
0.00105833 -6987.47
0.657409 -7643.75
0.155285 -7081.27
-0.654252 -6960.91
-0.151325 -6927.15
0.214777 -7126.54
-0.045053 -6965.85
0.446708 -7355.04
-0.102858 -6942.88
0.0371342 -7006.41
0.139025 -7069.77
0.620796 -7587.29
-0.290874 -6899.89
0.551259 -7487.64
0.448798 -7357.48
-0.318408 -6897.71
-0.881681 -7112.32
-0.780369 -7032.4
-0.325551 -6897.32
0.46711 -7379.36
-0.195546 -6915.63
-0.187786 -6917.46
-0.0149848 -6979.59
0.736801 -7776.23
0.325834 -7225.28
-0.0350722 -6970.28
-0.261133 -6903.44
-0.622738 -6947.48
0.611029 -7572.75
0.0897448 -7037.28
-0.0467598 -6965.11
0.286373 -7188.03
0.94926 -8210.78
0.103985 -7046.34
0.0153692 -6994.78
0.60629 -7565.72
0.4555 -7365.43
-0.0961839 -6945.3
-0.0863192 -6948.99
0.299702 -7200.32
-0.410816 -6898.19
-0.0296818 -6972.71
0.735357 -7773.7
-0.0472818 -6964.87
-0.432004 -6900.05
-0.0912927 -6947.13
-0.750535 -7012.84
0.476604 -7390.92
-0.603826 -6940.18
0.311884 -7211.83
-0.397174 -6897.36
-0.840903 -7077.58
-0.47968 -6906.63
0.223064 -7133.26
-0.175298 -6920.58
0.229744 -7138.77
-0.505771 -6911.68
0.196961 -7112.43
0.563284 -7504.22
0.329495 -7228.85
-0.496993 -6909.88
-0.278379 -6901.25
0.0299035 -7002.47
0.537974 -7469.69
-0.32902 -6897.12
-0.943682 -7172.48
-0.187698 -6917.47
-0.312986 -6898.04
0.106487 -7047.94
-0.486347 -6907.82
-0.379671 -6896.67
-0.812342 -7055.34
-0.416974 -6898.66
-0.24949 -6905.18
0.559296 -7498.66
0.461847 -7373.02
0.458054 -7368.47
-0.304994 -6898.63
0.680205 -7680.34
-0.129613 -6933.81
-0.0647474 -6957.53
0.453528 -7363.08
0.230858 -7139.69
0.228839 -7138.01
-0.684084 -6975.24
-0.12913 -6933.97
0.0267351 -7000.74
0.389162 -7290.27
0.383855 -7284.54
0.128455 -7062.52
-0.0860875 -6949.07
0.327973 -7227.37
0.301414 -7201.94
-0.789961 -7039.08
0.0304801 -7002.76
0.221381 -7131.89
-0.169303 -6922.14
-0.0359127 -6969.91
0.495038 -7413.88
-0.598701 -6938.32
-0.641753 -6955.4
0.362861 -7262.49
-0.278571 -6901.21
-0.402934 -6897.69
0.393303 -7294.7
-0.522155 -6915.41
0.860245 -8013.01
-0.308106 -6898.39
0.289654 -7191.04
0.454219 -7363.9
-0.839488 -7076.42
-0.192492 -6916.33
-0.307395 -6898.47
0.306639 -7206.86
-0.306203 -6898.53
0.388768 -7289.82
0.00896072 -6991.44
0.0303821 -7002.71
-0.154025 -6926.38
-0.697269 -6982.07
0.684831 -7687.92
-0.543006 -6920.75
0.848116 -7987.91
-0.834064 -7072.08
-0.381447 -6896.72
-0.38915 -6896.99
0.26947 -7172.79
-0.331246 -6897.03
0.160995 -7085.36
-0.0964371 -6945.21
-0.349787 -6896.5
-0.512361 -6913.13
0.273263 -7176.2
0.5378 -7469.47
0.269484 -7172.81
-0.283914 -6900.61
0.348439 -7247.72
-0.188362 -6917.32
-0.124983 -6935.32
0.111515 -7051.21
0.954029 -8222.11
0.100585 -7044.14
-0.692299 -6979.44
0.435037 -7341.46
0.521405 -7447.73
-0.55373 -6923.72
0.374704 -7274.85
-0.297588 -6899.27
-0.452581 -6902.47
-0.164772 -6923.38
-0.0672783 -6956.47
-0.0347903 -6970.41
0.285524 -7187.28
-0.53405 -6918.36
0.500808 -7421.17
0.155754 -7081.59
-0.317579 -6897.76
0.082862 -7033.02
0.357515 -7256.98
-0.347018 -6896.54
-0.400817 -6897.54
-0.449078 -6902.04
-0.281223 -6900.93
-0.2084 -6912.78
0.627701 -7597.73
0.621535 -7588.44
-0.466119 -6904.43
0.194332 -7110.39
0.334246 -7233.55
-0.368676 -6896.45
0.481537 -7396.99
0.391474 -7292.72
0.0546847 -7016.28
-0.215628 -6911.27
0.0308209 -7002.94
0.700722 -7714.27
-0.0442553 -6966.21
-0.0937009 -6946.22
0.0440143 -7010.22
0.566834 -7509.14
-0.125348 -6935.2
-0.898935 -7128.18
0.677888 -7676.58
0.294744 -7195.73
-0.71271 -6990.42
-0.338035 -6896.8
-0.19986 -6914.64
-0.765359 -7022.37
0.719302 -7745.78
-0.0320154 -6971.67
-0.498344 -6910.16
-0.43123 -6899.97
-0.520345 -6914.99
0.186449 -7104.32
0.366688 -7266.44
-0.0739533 -6953.78
0.243342 -7150.15
0.48412 -7400.2
-0.675091 -6970.76
0.138861 -7069.65
-0.351661 -6896.47
-0.0657482 -6957.11
0.360627 -7260.16
-0.261731 -6903.36
-0.264528 -6902.99
0.700022 -7713.07
0.634512 -7608.13
-0.531922 -6917.82
0.604752 -7563.45
-0.269784 -6902.28
-0.673639 -6970.06
0.172167 -7093.59
0.591275 -7543.82
0.708624 -7727.56
-0.0752453 -6953.27
0.353351 -7252.7
-0.227619 -6908.92
-0.208842 -6912.67
0.453621 -7363.2
0.255836 -7160.85
0.580254 -7528.06
-0.0682027 -6956.11
0.15433 -7080.57
0.0696226 -7025.01
-0.0649261 -6957.45
0.525605 -7453.28
-0.582287 -6932.59
-0.329432 -6897.11
0.023755 -6999.16
0.263793 -7167.8
-0.830673 -7069.4
0.534372 -7464.85
-0.575827 -6930.49
-0.571513 -6929.09
0.538974 -7471.01
0.669136 -7662.43
-0.773966 -7028.07
-0.289372 -6900.05
0.70191 -7716.24
0.227573 -7136.96
0.18811 -7105.61
-0.210035 -6912.4
0.186022 -7104.03
0.416697 -7320.54
-0.280747 -6900.96
0.489598 -7407.04
-0.615745 -6944.69
-0.104857 -6942.18
-0.291803 -6899.79
0.179252 -7098.88
-0.51588 -6913.94
0.209067 -7121.96
0.365381 -7265.09
0.69966 -7712.46
-0.632089 -6951.29
-0.249109 -6905.23
-0.911184 -7139.83
0.810617 -7912.93
-0.303791 -6898.72
-0.209902 -6912.44
-0.265256 -6902.87
-0.701173 -6984.12
-0.421748 -6899.04
-0.311394 -6898.15
-0.166112 -6923
-0.227742 -6908.89
0.725686 -7756.82
0.0279205 -7001.4
-0.493786 -6909.24
-0.403131 -6897.68
-0.65349 -6960.58
0.300514 -7201.11
-0.574544 -6930.08
0.782267 -7858.83
-0.377062 -6896.59
-0.397611 -6897.4
-0.615285 -6944.52
-0.38535 -6896.83
-0.759608 -7018.62
-0.0345443 -6970.52
-0.80047 -7046.61
-0.0105953 -6981.7
0.13187 -7064.85
0.746143 -7792.8
0.537453 -7468.97
0.00649752 -6990.2
0.69113 -7698.29
-0.528497 -6916.96
0.465177 -7377.05
0.14567 -7074.41
0.483462 -7399.42
0.0878834 -7036.13
-0.11873 -6937.39
-0.332985 -6896.99
-0.590829 -6935.52
-0.564882 -6927.03
-0.0650184 -6957.41
-0.246079 -6905.72
0.348902 -7248.19
-0.551117 -6922.99
-0.183019 -6918.62
0.517968 -7443.27
-0.476589 -6906.1
-0.377886 -6896.61
0.00750918 -6990.7
-0.0478732 -6964.61
-0.739825 -7006.24
0.00382826 -6988.85
0.133724 -7066.11
-0.534163 -6918.39
-0.58664 -6934.1
-0.240542 -6906.62
0.483782 -7399.8
0.240164 -7147.47
0.678748 -7677.97
-0.25106 -6904.93
-0.237937 -6907.09
-0.433374 -6900.2
-0.355238 -6896.44
0.318503 -7218.16
0.494108 -7412.7
-0.261199 -6903.43
0.0854508 -7034.64
0.362443 -7262.05
0.665064 -7655.92
0.362136 -7261.7
-0.426183 -6899.49
0.0751647 -7028.34
-0.396651 -6897.34
-0.17254 -6921.3
-0.448994 -6902.02
-0.319248 -6897.65
-0.40076 -6897.54
-0.503685 -6911.26
0.193375 -7109.64
0.554441 -7492.01
-0.601854 -6939.45
-0.622131 -6947.2
-0.071758 -6954.66
0.282699 -7184.69
-0.00880987 -6982.58
-0.488224 -6908.17
-0.593078 -6936.32
0.487707 -7404.67
0.195496 -7111.31
0.562168 -7502.66
-0.220065 -6910.39
0.0201287 -6997.25
0.105896 -7047.59
0.199182 -7114.18
0.202171 -7116.52
-0.259487 -6903.67
0.148575 -7076.49
0.369113 -7268.97
0.470657 -7383.67
-0.446867 -6901.74
-0.640794 -6954.97
0.563652 -7504.72
0.704897 -7721.27
0.428886 -7334.36
-0.00243916 -6985.71
0.161939 -7086.06
0.307195 -7207.38
0.486219 -7402.83
-0.44493 -6901.5
0.486033 -7402.59
0.532893 -7462.91
0.0949352 -7040.57
-0.154712 -6926.19
0.249042 -7155.01
0.296476 -7197.35
-0.500802 -6910.68
-0.0513833 -6963.09
0.446831 -7355.19
-0.56344 -6926.63
-0.925687 -7154.07
-0.0726425 -6954.31
-0.305642 -6898.57
-0.450107 -6902.17
-0.58781 -6934.47
0.673659 -7669.72
-0.25693 -6904.06
-0.50405 -6911.32
0.381201 -7281.73
-0.0160287 -6979.1
0.398097 -7299.95
-0.528504 -6916.95
0.382257 -7282.84
0.980831 -8287.26
-0.112884 -6939.37
-0.468087 -6904.71
0.0450187 -7010.8
-0.365907 -6896.43
0.221492 -7131.97
-0.754402 -7015.27
0.383479 -7284.15
0.266112 -7169.85
-0.494257 -6909.35
-0.148877 -6927.88
0.707364 -7725.46
-0.0274193 -6973.77
0.292649 -7193.8
-0.394191 -6897.2
-0.0152774 -6979.45
0.182103 -7101.02
0.572606 -7517.22
0.375563 -7275.75
-0.103275 -6942.75
-0.415476 -6898.57
0.276364 -7178.95
0.255109 -7160.21
0.454939 -7364.78
-0.0363856 -6969.67
-0.170455 -6921.84
-0.248749 -6905.32
-0.497584 -6910.01
0.00143919 -6987.62
-0.525485 -6916.2
-0.0350477 -6970.3
0.410126 -7313.22
-0.592935 -6936.27
-0.0141 -6980.01
-0.0464159 -6965.24
0.1415 -7071.47
0.6078 -7567.94
-0.87618 -7107.44
0.188275 -7105.72
-0.560572 -6925.75
0.31655 -7216.29
-0.124742 -6935.42
-0.945954 -7174.88
0.30948 -7209.54
0.470001 -7382.86
0.495905 -7414.97
-0.585109 -6933.57
-0.447612 -6901.83
0.275797 -7178.45
-0.0344195 -6970.56
-0.69528 -6980.98
-0.103021 -6942.83
-0.413956 -6898.44
-0.213954 -6911.59
-0.462452 -6903.85
0.630139 -7601.45
0.388393 -7289.42
0.134282 -7066.51
-0.374197 -6896.54
-0.0438463 -6966.35
-0.197141 -6915.25
-0.0229284 -6975.84
0.0101483 -6992.05
0.293558 -7194.62
0.440163 -7347.36
-0.75647 -7016.6
-0.0269576 -6974.01
0.0542082 -7016
-0.583335 -6932.94
-0.231622 -6908.2
0.677041 -7675.2
0.0381917 -7006.99
0.0609371 -7019.91
0.464387 -7376.1
-0.19603 -6915.51
0.206924 -7120.27
-0.861804 -7094.93
0.780021 -7854.63
0.798138 -7888.86
0.438725 -7345.69
-0.787425 -7037.29
-0.337452 -6896.81
0.0375875 -7006.65
0.704386 -7720.4
-0.290519 -6899.91
0.105056 -7047.01
0.32648 -7225.9
-0.0480299 -6964.55
0.600798 -7557.69
0.464312 -7376
-0.179579 -6919.51
-0.518431 -6914.53
-0.256832 -6904.06
0.756039 -7810.57
-0.700828 -6983.94
0.0291236 -7002.02
-0.646234 -6957.34
0.322062 -7221.61
-0.0102042 -6981.91
-0.312781 -6898.07
0.575507 -7521.31
0.319198 -7218.83
0.517297 -7442.35
-0.322134 -6897.48
0.389624 -7290.74
0.567414 -7509.95
-0.149074 -6927.84
0.676708 -7674.66
0.652916 -7636.68
-0.303283 -6898.77
-0.668083 -6967.34
0.145059 -7074
-0.200057 -6914.59
0.159419 -7084.25
-0.179464 -6919.53
0.174946 -7095.66
-0.70135 -6984.24
0.393268 -7294.66
-0.196578 -6915.39
-0.110084 -6940.33
-0.629824 -6950.33
0.105121 -7047.06
0.0120685 -6993.04
-0.803837 -7049.04
0.397406 -7299.17
-0.770238 -7025.57
-0.269937 -6902.28
0.568641 -7511.65
-0.0947031 -6945.85
-0.0786268 -6951.95
-0.123283 -6935.87
-0.362818 -6896.41
0.269049 -7172.42
0.530602 -7459.85
0.224328 -7134.29
-0.0142866 -6979.94
-0.00244632 -6985.71
-0.26029 -6903.56
-0.0739506 -6953.78
-0.322145 -6897.47
0.593387 -7546.87
0.681193 -7681.95
0.361035 -7260.58
0.844783 -7981.09
0.241153 -7148.3
-0.0449408 -6965.89
0.309184 -7209.27
-0.720689 -6994.94
0.341928 -7241.19
-0.475877 -6906
-0.556457 -6924.5
-0.179476 -6919.52
-0.406408 -6897.9
0.539903 -7472.26
0.159353 -7084.19
0.429332 -7334.87
0.331029 -7230.38
0.65301 -7636.84
-0.821489 -7062.27
0.797983 -7888.56
0.338972 -7238.24
0.340264 -7239.52
-0.0824513 -6950.47
0.77673 -7848.48
-0.453913 -6902.66
0.69733 -7708.59
-0.269567 -6902.33
0.663136 -7652.84
0.0980339 -7042.52
-0.0777845 -6952.3
0.583342 -7532.43
0.0287496 -7001.83
-0.0281494 -6973.43
0.489879 -7407.39
-0.257748 -6903.92
-0.508234 -6912.24
-0.529552 -6917.21
-0.662715 -6964.79
0.501932 -7422.63
-0.00188557 -6986
-0.0594401 -6959.7
0.395597 -7297.22
-0.169518 -6922.08
-0.234224 -6907.73
0.142262 -7072.05
0.696715 -7707.58
0.328328 -7227.71
0.533424 -7463.63
-0.520633 -6915.04
0.373447 -7273.52
-0.0328745 -6971.28
-0.50126 -6910.75
-0.103436 -6942.69
-0.168022 -6922.48
0.172809 -7094.07
0.0936496 -7039.75
-0.0662473 -6956.89
0.699281 -7711.84
-0.572258 -6929.32
-0.601267 -6939.26
0.308045 -7208.17
-0.054547 -6961.75
-0.380293 -6896.68
0.215654 -7127.23
0.84018 -7971.72
-0.53957 -6919.78
-0.70109 -6984.08
0.235441 -7143.49
-0.75957 -7018.59
-0.0146975 -6979.73
-0.89548 -7124.96
-0.709006 -6988.39
0.111493 -7051.19
-0.491709 -6908.85
0.345004 -7244.27
-0.768958 -7024.71
-0.618913 -6945.94
-0.332533 -6896.98
-0.801729 -7047.5
0.802758 -7897.76
-0.215271 -6911.33
-0.646275 -6957.35
0.00403832 -6988.97
0.446665 -7355
-0.054458 -6961.8
0.42557 -7330.59
-0.483526 -6907.32
0.684632 -7687.58
-0.245089 -6905.86
-0.491205 -6908.74
0.217023 -7128.35
-0.517493 -6914.3
-0.881137 -7111.87
0.545355 -7479.64
0.0180348 -6996.14
-0.382739 -6896.77
0.409103 -7312.05
-0.163457 -6923.71
-0.0911874 -6947.18
-0.836927 -7074.37
0.460163 -7371.01
0.376324 -7276.56
0.29254 -7193.71
-0.0693524 -6955.66
0.531923 -7461.6
0.0900114 -7037.44
0.0953098 -7040.79
-0.332347 -6896.99
0.677288 -7675.58
0.290306 -7191.63
0.158728 -7083.75
-0.680937 -6973.65
-0.2964 -6899.38
0.779846 -7854.29
-0.0338579 -6970.82
-0.37988 -6896.66
0.701915 -7716.25
-0.406172 -6897.87
-0.377856 -6896.6
0.0200013 -6997.18
0.277305 -7179.8
0.382399 -7282.98
-0.00840142 -6982.77
-0.369841 -6896.46
0.0282233 -7001.57
0.469547 -7382.34
-0.89338 -7123
0.382479 -7283.08
0.10972 -7050.05
0.333795 -7233.11
0.111227 -7051.05
-0.625482 -6948.56
-0.104556 -6942.28
0.0192056 -6996.77
0.584518 -7534.13
-0.278528 -6901.21
0.642926 -7621.1
-0.494647 -6909.42
-0.391693 -6897.11
0.303986 -7204.36
0.331506 -7230.82
-0.0216571 -6976.45
0.170054 -7092.01
0.242432 -7149.37
-0.658696 -6962.95
0.880269 -8055.35
0.253784 -7159.07
-0.761333 -7019.72
-0.100853 -6943.62
-0.257567 -6903.94
-0.736862 -7004.45
-0.485586 -6907.73
-0.5219 -6915.36
0.500338 -7420.58
-0.338693 -6896.77
-0.504201 -6911.35
0.364043 -7263.7
-0.266177 -6902.74
-0.549138 -6922.41
-0.417288 -6898.69
-0.457375 -6903.14
0.0353815 -7005.44
-0.421465 -6899.04
-0.0367436 -6969.54
0.0011938 -6987.52
0.676424 -7674.2
-0.728954 -6999.74
0.820196 -7931.75
-0.552581 -6923.39
0.139867 -7070.35
0.0193526 -6996.85
0.00160557 -6987.71
-0.710556 -6989.26
-0.314611 -6897.96
0.516392 -7441.19
-0.600242 -6938.85
-0.0285663 -6973.23
0.263659 -7167.68
0.377671 -7277.99
0.280027 -7182.26
-0.244927 -6905.88
0.475511 -7389.6
-0.219755 -6910.45
0.315356 -7215.15
-0.549295 -6922.47
-0.353626 -6896.46
-0.770393 -7025.69
-0.162187 -6924.09
0.39145 -7292.69
-0.00458646 -6984.64
0.168103 -7090.6
-0.147085 -6928.39
0.0925283 -7039.03
-0.027654 -6973.65
0.0143843 -6994.24
0.732671 -7768.99
-0.339373 -6896.75
0.451474 -7360.65
0.519954 -7445.83
0.295677 -7196.59
0.681795 -7682.92
0.243775 -7150.51
0.118981 -7056.15
-0.259401 -6903.69
0.369702 -7269.62
0.758235 -7814.55
0.114587 -7053.24
-0.536252 -6918.94
0.716478 -7740.96
0.0414726 -7008.82
-0.198159 -6915.02
0.422892 -7327.53
-0.122511 -6936.15
-0.486835 -6907.93
-0.976371 -7207.98
-0.563289 -6926.57
0.383664 -7284.35
-0.806264 -7050.82
0.218805 -7129.81
-0.28693 -6900.29
0.184246 -7102.64
-0.263952 -6903.06
-0.353764 -6896.45
0.416033 -7319.82
0.593116 -7546.47
-0.497121 -6909.91
-0.319884 -6897.61
0.0310076 -7003.04
-0.616605 -6945.03
-0.505267 -6911.56
-0.571162 -6929.01
0.542908 -7476.3
-0.230485 -6908.39
-0.532737 -6918.03
-0.338242 -6896.78
0.595633 -7550.13
0.735928 -7774.69
-0.296054 -6899.39
0.353275 -7252.62
-0.248468 -6905.35
0.630171 -7601.5
-0.620975 -6946.75
0.618288 -7583.55
0.22586 -7135.55
0.0993053 -7043.33
-0.0293433 -6972.89
-0.0494285 -6963.96
0.510404 -7433.46
-0.013879 -6980.12
0.369769 -7269.68
-0.157823 -6925.31
0.404109 -7306.54
0.605143 -7564.03
-0.162401 -6924.05
0.0600164 -7019.36
0.480515 -7395.75
-0.152742 -6926.77
0.709402 -7728.89
0.0829334 -7033.07
-0.265662 -6902.82
0.606733 -7566.38
0.376852 -7277.12
-0.597707 -6937.95
-0.0191669 -6977.6
-0.0990731 -6944.26
0.270354 -7173.58
-0.657953 -6962.61
-0.463087 -6903.98
-0.393311 -6897.15
0.0187628 -6996.55
0.713858 -7736.48
-0.241028 -6906.56
0.0961668 -7041.33
0.842413 -7976.28
-0.769673 -7025.2
-0.514737 -6913.67
-0.342135 -6896.68
0.00307357 -6988.47
0.0498666 -7013.51
-0.0877144 -6948.47
-0.73077 -7000.81
-0.555775 -6924.3
0.973931 -8270.23
-0.0230544 -6975.78
0.390692 -7291.9
0.238706 -7146.23
0.0852552 -7034.52
0.633452 -7606.5
0.393593 -7295.01
0.280454 -7182.68
-0.23772 -6907.11
-0.813286 -7056.04
0.558506 -7497.6
-0.50402 -6911.32
-0.131849 -6933.07
0.334264 -7233.57
-0.417733 -6898.73
0.523452 -7450.43
0.81734 -7926.14
-0.433371 -6900.19
0.447933 -7356.49
0.20975 -7122.5
-0.315112 -6897.92
-0.18415 -6918.36
-0.281491 -6900.9
0.0791423 -7030.77
0.434711 -7341.08
-0.377347 -6896.62
0.594998 -7549.2
0.297039 -7197.85
0.756295 -7811.02
0.266516 -7170.19
-0.0861325 -6949.04
0.745263 -7791.22
-0.451011 -6902.28
0.0960518 -7041.27
-0.457148 -6903.11
-0.381061 -6896.72
0.396182 -7297.87
-0.589879 -6935.21
0.716646 -7741.24
-0.0469832 -6965
0.194026 -7110.15
0.475609 -7389.72
0.420212 -7324.5
0.362921 -7262.54
0.822889 -7937.07
0.644971 -7624.24
0.353361 -7252.71
-0.590456 -6935.4
0.25033 -7156.11
-0.0295311 -6972.81
-0.000437009 -6986.75
-0.307523 -6898.45
0.0225742 -6998.53
-0.151122 -6927.21
-0.291026 -6899.88
0.325083 -7224.54
0.444858 -7352.86
0.338505 -7237.77
-0.464197 -6904.12
0.700907 -7714.56
0.126336 -7061.09
-0.206064 -6913.28
0.194303 -7110.37
-0.490911 -6908.69
-0.239737 -6906.75
0.483475 -7399.43
-0.292264 -6899.76
-0.0200763 -6977.18
0.773912 -7843.26
0.400016 -7302.03
-0.314358 -6897.96
-0.328053 -6897.18
0.783086 -7860.35
0.356023 -7255.43
-0.474527 -6905.77
0.139757 -7070.28
0.0162503 -6995.23
-0.325819 -6897.29
-0.412126 -6898.3
-0.133687 -6932.51
0.613169 -7575.9
-0.0433494 -6966.6
-0.0322085 -6971.59
0.598458 -7554.25
0.0561882 -7017.15
-0.265424 -6902.85
-0.466304 -6904.45
-0.0343405 -6970.59
-0.14326 -6929.56
-0.136267 -6931.69
0.621013 -7587.62
-0.653136 -6960.4
-0.235905 -6907.41
-0.239089 -6906.86
-0.293273 -6899.66
-0.0558968 -6961.2
-0.403529 -6897.71
-0.448581 -6901.96
-0.48437 -6907.46
0.474791 -7388.71
0.658019 -7644.71
0.00965142 -6991.81
0.0337085 -7004.54
0.1028 -7045.55
-0.00591801 -6984.01
0.345645 -7244.93
-0.183051 -6918.61
-0.606034 -6940.98
-0.0254112 -6974.68
-0.317862 -6897.73
0.131986 -7064.93
0.220449 -7131.14
-0.593635 -6936.49
0.79222 -7877.57
-0.300695 -6898.99
0.734018 -7771.38
0.238814 -7146.32
0.11135 -7051.11
0.310594 -7210.62
-0.446339 -6901.67
-0.541634 -6920.37
0.202154 -7116.5
-0.414003 -6898.43
0.685324 -7688.71
0.414457 -7318.03
-0.0137689 -6980.19
-0.568332 -6928.1
-0.0838187 -6949.94
0.407023 -7309.76
-0.694484 -6980.6
-0.863191 -7096.12
-0.394829 -6897.25
-0.181249 -6919.07
-0.0606586 -6959.2
-0.827737 -7067.1
-0.577717 -6931.09
-0.489591 -6908.45
0.0213133 -6997.86
0.310897 -7210.91
0.0849272 -7034.33
-0.39408 -6897.19
0.239115 -7146.57
-0.319833 -6897.62
0.277876 -7180.33
-0.0801678 -6951.34
-0.0185287 -6977.9
0.0889693 -7036.81
0.280926 -7183.09
-0.44604 -6901.65
0.814061 -7919.67
0.264144 -7168.11
-0.117133 -6937.92
0.633451 -7606.5
-0.236844 -6907.28
-0.730716 -7000.78
0.042738 -7009.52
0.532969 -7463.01
-0.232656 -6907.99
0.631285 -7603.21
-0.165972 -6923.04
0.224469 -7134.42
-0.398186 -6897.42
-0.319234 -6897.65
-0.780939 -7032.8
-0.257972 -6903.91
0.00465738 -6989.28
-0.733436 -7002.39
0.570281 -7513.96
0.100789 -7044.26
0.186763 -7104.57
-0.767265 -7023.59
-0.729643 -7000.14
0.525587 -7453.25
0.315673 -7215.44
0.063886 -7021.62
0.033026 -7004.16
-0.338101 -6896.79
-0.624525 -6948.2
-0.232645 -6907.99
0.0379428 -7006.84
0.408617 -7311.52
0.296418 -7197.3
0.136646 -7068.15
0.319153 -7218.79
0.290934 -7192.21
-0.707143 -6987.38
-0.297927 -6899.23
0.183857 -7102.37
0.215677 -7127.25
0.0514042 -7014.39
-0.349936 -6896.49
-0.235457 -6907.5
-0.763772 -7021.29
0.426111 -7331.2
0.186941 -7104.71
-0.628843 -6949.95
-0.524931 -6916.06
-0.33733 -6896.81
0.0462789 -7011.49
0.870054 -8033.58
0.157451 -7082.81
0.0186482 -6996.47
0.412087 -7315.4
0.213279 -7125.34
-0.390546 -6897.05
0.244912 -7151.48
0.404038 -7306.46
0.961131 -8239.12
0.553073 -7490.12
-0.83769 -7075.01
-0.174752 -6920.72
0.404752 -7307.25
0.484737 -7400.96
0.0397809 -7007.86
-0.873197 -7104.82
-0.445476 -6901.57
0.166971 -7089.76
0.0550342 -7016.48
-0.394191 -6897.2
0.120758 -7057.32
0.0682457 -7024.21
0.23784 -7145.49
-0.50719 -6912
0.84976 -7991.26
-0.585864 -6933.83
0.479249 -7394.19
0.201313 -7115.84
-0.0359366 -6969.89
-0.188145 -6917.36
0.5298 -7458.8
-0.350282 -6896.49
0.166915 -7089.71
0.295195 -7196.14
-0.136705 -6931.58
0.471477 -7384.67
0.126498 -7061.18
-0.00426405 -6984.81
-0.201817 -6914.21
0.0540261 -7015.88
0.0928034 -7039.2
-0.541241 -6920.25
-0.427654 -6899.6
0.229871 -7138.89
-0.524602 -6916.01
0.102091 -7045.12
0.196171 -7111.81
-0.251701 -6904.84
-0.160714 -6924.49
0.421916 -7326.44
0.0614591 -7020.21
0.0340762 -7004.72
-0.616595 -6945.03
-0.52809 -6916.86
0.246032 -7152.44
-0.00693335 -6983.5
-0.102012 -6943.2
0.133517 -7065.98
-0.478864 -6906.5
0.185494 -7103.59
0.802401 -7897.07
0.219739 -7130.56
0.874572 -8043.18
0.616192 -7580.42
-0.347886 -6896.54
0.0124431 -6993.26
-0.325363 -6897.33
-0.109087 -6940.69
0.491519 -7409.44
-0.0888317 -6948.06
-0.490131 -6908.54
0.137649 -7068.82
-0.0231325 -6975.75
-0.0261509 -6974.36
0.15776 -7083.04
0.674162 -7670.53
-0.728741 -6999.61
-0.707459 -6987.54
0.248812 -7154.8
0.297418 -7198.22
0.0509222 -7014.14
-0.451477 -6902.34
-0.537313 -6919.21
0.648015 -7629.01
-0.0285522 -6973.24
0.0852811 -7034.53
-0.0537871 -6962.09
-0.303139 -6898.79
0.858028 -8008.38
0.207058 -7120.38
-0.732578 -7001.87
0.0308557 -7002.97
-0.278658 -6901.19
0.426369 -7331.48
0.564268 -7505.58
-0.325592 -6897.32
-0.633365 -6951.81
0.38575 -7286.58
0.641316 -7618.6
-0.521022 -6915.13
0.105287 -7047.17
-0.465224 -6904.29
-0.0817226 -6950.73
0.0802435 -7031.43
0.373074 -7273.13
0.0276852 -7001.26
-0.197798 -6915.11
0.657705 -7644.19
0.481359 -7396.78
-0.0360868 -6969.82
0.315199 -7215
0.301999 -7202.51
0.948655 -8209.37
-0.0518372 -6962.91
-0.165564 -6923.16
0.0047498 -6989.32
-0.485105 -6907.62
-0.687227 -6976.84
0.652524 -7636.07
0.469251 -7381.96
0.0596007 -7019.1
0.91355 -8128.44
0.195486 -7111.3
0.551267 -7487.65
-0.421682 -6899.04
0.0841048 -7033.78
0.0484235 -7012.72
-0.444176 -6901.41
-0.182596 -6918.71
-0.14687 -6928.47
-0.195997 -6915.52
0.740308 -7782.41
-0.0674768 -6956.41
-0.0367769 -6969.52
0.419377 -7323.56
-0.543455 -6920.86
0.554277 -7491.79
0.00558263 -6989.71
0.234057 -7142.34
0.149397 -7077.04
0.123032 -7058.86
0.503424 -7424.5
0.729888 -7764.14
0.362658 -7262.27
-0.244247 -6906.01
-0.210394 -6912.35
0.554674 -7492.34
0.570364 -7514.08
-0.839196 -7076.19
0.1057 -7047.45
-0.275298 -6901.6
0.350036 -7249.34
-0.217924 -6910.81
0.0492126 -7013.16
0.332319 -7231.64
-0.0426521 -6966.89
0.327846 -7227.27
-0.672161 -6969.32
0.37731 -7277.59
0.44951 -7358.32
0.140583 -7070.87
0.0328424 -7004.03
-0.532005 -6917.84
0.524488 -7451.76
-0.357097 -6896.44
0.0460331 -7011.36
0.505534 -7427.2
0.295622 -7196.53
-0.598501 -6938.26
-0.127791 -6934.4
0.598913 -7554.91
0.348379 -7247.67
0.0541404 -7015.95
0.566114 -7508.14
-0.261397 -6903.41
-0.503568 -6911.23
0.363612 -7263.22
-0.820748 -7061.7
-0.00150649 -6986.19
-0.0225558 -6976.01
0.0203082 -6997.34
0.352654 -7252
0.722156 -7750.71
-0.431014 -6899.95
0.247592 -7153.76
0.179278 -7098.9
-0.978351 -7210.25
-0.289615 -6900.01
0.152607 -7079.33
-0.365293 -6896.4
0.277038 -7179.58
-0.508935 -6912.39
-0.528351 -6916.92
-0.356651 -6896.43
0.215991 -7127.51
0.487282 -7404.15
0.112924 -7052.15
0.288521 -7189.99
-0.46757 -6904.64
-0.476992 -6906.19
-0.0506241 -6963.45
-0.372679 -6896.5
-0.301255 -6898.94
-0.436644 -6900.54
0.80687 -7905.68
0.525961 -7453.71
0.307275 -7207.46
-0.70642 -6986.98
0.343921 -7243.18
-0.138338 -6931.09
-0.889301 -7119.24
0.840079 -7971.51
0.66723 -7659.35
-0.14759 -6928.28
-0.785849 -7036.2
0.196622 -7112.16
-0.903472 -7132.47
0.652493 -7636.02
-0.023373 -6975.64
-0.291793 -6899.79
-0.810044 -7053.62
-0.408223 -6898.02
0.557612 -7496.35
0.448113 -7356.69
0.572049 -7516.44
0.517939 -7443.22
0.705959 -7723.05
0.0625405 -7020.85
-0.286824 -6900.3
-0.585879 -6933.83
-0.312189 -6898.11
-0.492573 -6909.01
-0.429544 -6899.81
-0.733831 -7002.61
-0.224752 -6909.47
0.0906626 -7037.88
0.11738 -7055.08
-0.681895 -6974.14
-0.158705 -6925.05
0.288715 -7190.18
-0.0304222 -6972.4
-0.180466 -6919.26
0.0459015 -7011.29
0.32973 -7229.1
0.724994 -7755.67
0.555114 -7492.93
0.334211 -7233.51
-0.376551 -6896.59
-0.0815723 -6950.81
0.148802 -7076.64
-0.222123 -6909.97
-0.315489 -6897.87
-0.0864366 -6948.95
0.142674 -7072.32
0.561212 -7501.33
-0.60182 -6939.43
0.0393275 -7007.62
0.375698 -7275.89
0.500802 -7421.17
-0.894997 -7124.48
0.0332443 -7004.29
-0.221187 -6910.15
0.907067 -8113.93
-0.530582 -6917.48
0.0711677 -7025.96
0.382643 -7283.25
-0.313904 -6897.99
0.339759 -7239.03
0.707196 -7725.18
0.287524 -7189.04
0.698467 -7710.48
0.26667 -7170.34
0.0522318 -7014.88
0.00348437 -6988.68
-0.062113 -6958.6
0.412767 -7316.12
-0.0958024 -6945.44
0.0409636 -7008.53
-0.776138 -7029.52
-0.217786 -6910.83
-0.158552 -6925.09
-0.55376 -6923.73
0.314402 -7214.24
0.484419 -7400.59
0.405405 -7307.97
0.698032 -7709.76
-0.224971 -6909.41
0.337954 -7237.24
-0.352686 -6896.48
-0.706234 -6986.88
0.341735 -7240.99
0.965025 -8248.53
-0.455236 -6902.85
0.506316 -7428.2
0.225374 -7135.17
0.00794984 -6990.94
0.793396 -7879.84
0.00533829 -6989.59
-0.788914 -7038.32
0.060905 -7019.88
-0.0574071 -6960.55
0.0899289 -7037.39
-0.583297 -6932.93
-0.0310717 -6972.11
-0.186706 -6917.71
0.377092 -7277.36
0.867495 -8028.2
-0.322886 -6897.46
-0.33786 -6896.8
0.0177428 -6995.99
0.371775 -7271.75
-0.704761 -6986.07
-0.468813 -6904.84
-0.717173 -6992.96
-0.0128439 -6980.62
0.411476 -7314.71
0.168726 -7091.02
0.572365 -7516.9
0.509225 -7431.93
0.103855 -7046.26
0.119637 -7056.6
-0.615645 -6944.66
-0.438881 -6900.81
-0.405157 -6897.81
0.606484 -7566.01
0.732305 -7768.34
-0.125914 -6935.01
-0.492959 -6909.1
0.139272 -7069.96
0.491944 -7409.98
-0.0844162 -6949.73
0.653716 -7637.92
-0.239347 -6906.83
0.544599 -7478.62
0.651061 -7633.77
-0.211556 -6912.09
0.0307601 -7002.91
-0.759394 -7018.49
-0.0604679 -6959.27
-0.183531 -6918.49
0.255 -7160.14
0.382734 -7283.35
0.220677 -7131.32
0.0229804 -6998.76
-0.122507 -6936.15
-0.238641 -6906.95
0.07953 -7031
0.591181 -7543.69
-0.513403 -6913.39
-0.306679 -6898.49
0.78722 -7868.11
-0.717375 -6993.06
0.532493 -7462.36
-0.587516 -6934.39
0.118147 -7055.58
0.344214 -7243.48
0.158864 -7083.85
-0.130405 -6933.55
-0.0483735 -6964.39
0.443721 -7351.53
0.383158 -7283.81
-0.477488 -6906.28
0.13353 -7065.98
0.148644 -7076.54
-0.286298 -6900.36
-0.291991 -6899.77
0.47942 -7394.42
0.298384 -7199.11
0.0395986 -7007.76
-0.0319211 -6971.72
0.549475 -7485.23
-0.421383 -6899.03
0.164053 -7087.62
0.584019 -7533.42
-0.114914 -6938.67
0.626839 -7596.45
-0.481634 -6906.98
0.418264 -7322.3
0.419271 -7323.45
0.0594184 -7019.02
0.435893 -7342.44
-0.12027 -6936.86
0.669466 -7662.95
0.51564 -7440.22
-0.379599 -6896.68
0.265736 -7169.51
-0.604035 -6940.27
0.265505 -7169.29
-0.249332 -6905.19
-0.263137 -6903.17
-0.845747 -7081.5
-0.5898 -6935.18
-0.194872 -6915.79
0.816035 -7923.57
0.487734 -7404.7
0.191429 -7108.16
0.0610795 -7019.98
-0.236652 -6907.29
-0.639692 -6954.47
-0.545606 -6921.43
-0.45826 -6903.25
0.102374 -7045.28
-0.062283 -6958.53
-0.757583 -7017.29
-0.412195 -6898.29
-0.361901 -6896.42
0.284329 -7186.15
0.22977 -7138.79
-0.271463 -6902.08
-0.898457 -7127.71
0.229673 -7138.7
-0.525824 -6916.29
-0.0594837 -6959.69
0.534639 -7465.21
-0.346513 -6896.58
-0.453037 -6902.55
0.353748 -7253.13
0.544656 -7478.7
-0.0434816 -6966.53
0.0643618 -7021.88
0.430914 -7336.7
-0.143787 -6929.41
0.262595 -7166.73
0.256516 -7161.45
-0.321688 -6897.52
0.425855 -7330.92
0.0288787 -7001.89
0.0797383 -7031.15
0.417658 -7321.64
-0.344961 -6896.59
-0.130293 -6933.58
-0.628624 -6949.84
-0.454996 -6902.81
-0.608176 -6941.84
0.415501 -7319.19
-0.815575 -7057.75
-0.427058 -6899.55
-0.0589708 -6959.91
0.283302 -7185.22
-0.532367 -6917.92
0.318707 -7218.37
