-2.119219 -1.0
0.0958095 -1.0
-0.387146 -1.0
-2.426838 -1.0
0.1551336 -1.0
0.3517601 -1.0
2.0544617 -1.0
-0.610287 -1.0
2.0367355 -1.0
-2.008736 -1.0
-2.747670 -1.0
2.5707058 -1.0
1.5343109 -1.0
-1.564267 -1.0
-0.879751 -1.0
-0.862399 -1.0
2.2418725 -1.0
2.3470771 -1.0
2.2359533 -1.0
0.1408909 -1.0
0.6141335 -1.0
-1.849072 -1.0
1.1619789 -1.0
2.9416825 -1.0
2.8486247 -1.0
-1.157853 -1.0
2.7759821 -1.0
-2.206321 -1.0
-2.867099 -1.0
1.6651626 -1.0
3.0464775 -1.0
2.3128092 -1.0
0.2589115 -1.0
0.7791298 -1.0
1.2225341 -1.0
1.5328075 -1.0
-1.180956 -1.0
-0.236987 -1.0
-0.875382 -1.0
2.9310877 -1.0
-1.149572 -1.0
2.6140201 -1.0
2.5318338 -1.0
1.9929356 -1.0
-1.428853 -1.0
2.3056969 -1.0
0.1572266 -1.0
-2.284447 -1.0
1.5996774 -1.0
-0.918530 -1.0
1.7947944 -1.0
2.5064890 -1.0
3.0291211 -1.0
-1.472439 -1.0
-1.566040 -1.0
-1.456265 -1.0
1.3345168 -1.0
-2.176179 -1.0
2.7315664 -1.0
2.7785851 -1.0
-0.610848 -1.0
-0.266688 -1.0
0.6192754 -1.0
-3.022200 -1.0
-2.962165 -1.0
-0.300239 -1.0
0.0071034 -1.0
-2.010058 -1.0
-1.578416 -1.0
-1.639307 -1.0
-2.391005 -1.0
-1.827403 -1.0
3.0284447 -1.0
-1.616019 -1.0
0.2570702 -1.0
-0.837673 -1.0
-2.341527 -1.0
2.8890867 -1.0
0.0537518 -1.0
-2.522724 -1.0
0.6603205 -1.0
0.8313429 -1.0
1.7416765 -1.0
0.3121976 -1.0
-2.805851 -1.0
-2.194425 -1.0
-1.732562 -1.0
-0.572475 -1.0
-2.284459 -1.0
0.1322464 -1.0
2.5459353 -1.0
-1.959802 -1.0
1.1818103 -1.0
-1.557342 -1.0
1.0394238 -1.0
2.8428371 -1.0
-0.668332 -1.0
-2.364520 -1.0
-2.696174 -1.0
1.9486786 -1.0
-2.215392 -1.0
-1.615395 -1.0
-2.275105 -1.0
-1.650678 -1.0
-2.511769 -1.0
1.9634495 -1.0
-1.999543 -1.0
-1.943724 -1.0
-0.217958 -1.0
0.7795382 -1.0
1.0444914 -1.0
2.3275580 -1.0
-2.014668 -1.0
-3.014282 -1.0
1.0483191 -1.0
3.1385421 -1.0
-0.670721 -1.0
0.1564752 -1.0
1.8089549 -1.0
1.5154659 -1.0
-0.833804 -1.0
-2.719892 -1.0
1.8302628 -1.0
2.5122368 -1.0
-1.369270 -1.0
-0.997686 -1.0
2.7645850 -1.0
-3.122481 -1.0
1.3586143 -1.0
0.1281085 -1.0
-2.612967 -1.0
2.9693825 -1.0
1.5297254 -1.0
0.1241762 -1.0
-1.477126 -1.0
3.0046515 -1.0
1.8526745 -1.0
0.4873113 -1.0
-0.213729 -1.0
2.9268584 -1.0
-1.878479 -1.0
-0.831438 -1.0
-1.393672 -1.0
-3.65e-05 -1.0
-0.259851 -1.0
-1.882582 -1.0
-2.954833 -1.0
-1.578970 -1.0
-1.016392 -1.0
2.6557765 -1.0
0.6461530 -1.0
-0.092671 -1.0
2.0967157 -1.0
1.1301799 -1.0
0.9314124 -1.0
1.1472910 -1.0
0.5831578 -1.0
-2.861280 -1.0
-0.951083 -1.0
2.5122382 -1.0
2.7753186 -1.0
-2.974752 -1.0
-2.587383 -1.0
-3.079739 -1.0
-1.991661 -1.0
2.8167865 -1.0
-0.034165 -1.0
-0.692633 -1.0
0.3910973 -1.0
-1.060204 -1.0
-2.921100 -1.0
1.5906751 -1.0
2.5929238 -1.0
-0.829280 -1.0
-1.537523 -1.0
0.0476812 -1.0
0.2484907 -1.0
0.3099010 -1.0
-1.462253 -1.0
-1.895381 -1.0
-0.929385 -1.0
0.1476665 -1.0
2.3628297 -1.0
-2.695146 -1.0
0.9704142 -1.0
-2.185297 -1.0
1.9589263 -1.0
-2.205477 -1.0
2.9295859 -1.0
1.7248692 -1.0
0.6764129 -1.0
1.3207373 -1.0
-2.290605 -1.0
1.4757733 -1.0
1.9052201 -1.0
3.0947301 -1.0
0.2540894 -1.0
2.2587354 -1.0
0.3358135 -1.0
0.1477377 -1.0
-1.656910 -1.0
0.5920952 -1.0
0.7123307 -1.0
1.4064543 -1.0
2.4143528 -1.0
0.3294755 -1.0
-0.632052 -1.0
0.6911740 -1.0
0.8433660 -1.0
-3.003858 -1.0
-2.541812 -1.0
2.1404023 -1.0
0.8586958 -1.0
2.0894546 -1.0
1.3411972 -1.0
-1.246834 -1.0
-0.397815 -1.0
2.3448095 -1.0
2.2676222 -1.0
-1.603404 -1.0
-1.891958 -1.0
-2.258676 -1.0
2.1308784 -1.0
0.6448391 -1.0
2.8160615 -1.0
3.1339159 -1.0
1.3140968 -1.0
0.6933582 -1.0
0.2118354 -1.0
0.0659488 -1.0
1.8458021 -1.0
3.0668013 -1.0
1.4426533 -1.0
0.3742248 -1.0
2.2110512 -1.0
-0.939255 -1.0
0.3020995 -1.0
-1.398882 -1.0
-1.524982 -1.0
2.7021687 -1.0
 2.835006 -1.0
0.2951915 -1.0
-0.216974 -1.0
-1.843612 -1.0
2.2581560 -1.0
-1.488818 -1.0
-2.934197 -1.0
-3.127383 -1.0
-1.044276 -1.0
-2.454918 -1.0
-1.613055 -1.0
-1.448540 -1.0
0.5134434 -1.0
-1.541155 -1.0
2.6120848 -1.0
-0.140563 -1.0
2.0319085 -1.0
-1.241255 -1.0
0.3146567 -1.0
-3.053653 -1.0
1.8244506 -1.0
0.4507058 -1.0
-2.887146 -1.0
1.7297278 -1.0
  1.76246 -1.0
-0.669220 -1.0
1.0471851 -1.0
-2.107998 -1.0
2.8302476 -1.0
-0.977187 -1.0
2.8799009 -1.0
1.6969575 -1.0
-0.375514 -1.0
2.0618510 -1.0
1.9833194 -1.0
2.3397190 -1.0
1.9981021 -1.0
-1.015205 -1.0
-2.037992 -1.0
1.2909700 -1.0
-2.224666 -1.0
-1.477685 -1.0
-1.143440 -1.0
0.4747176 -1.0
-1.568757 -1.0
1.3741834 -1.0
0.9958793 -1.0
-2.306582 -1.0
2.5682103 -1.0
-1.441392 -1.0
-0.920016 -1.0
-1.924150 -1.0
0.0707875 -1.0
-1.125933 -1.0
2.8818690 -1.0
-1.977281 -1.0
-0.043279 -1.0
1.1028000 -1.0
1.4269017 -1.0
-2.008886 -1.0
-1.746570 -1.0
1.0358512 -1.0
-3.000741 -1.0
-1.254572 -1.0
-0.361143 -1.0
1.8509930 -1.0
2.1731658 -1.0
0.8093295 -1.0
-0.734726 -1.0
1.5734514 -1.0
1.1318042 -1.0
-1.849455 -1.0
1.7265997 -1.0
1.5396610 -1.0
1.4158175 -1.0
0.3460386 -1.0
-0.328353 -1.0
-1.541924 -1.0
2.0829121 -1.0
3.1103885 -1.0
-2.042173 -1.0
2.4610321 -1.0
2.6752786 -1.0
0.8406227 -1.0
-0.087036 -1.0
-1.722586 -1.0
-1.887870 -1.0
1.1706223 -1.0
1.5813380 -1.0
0.4733310 -1.0
-0.424547 -1.0
1.3624606 -1.0
2.3287944 -1.0
2.3812391 -1.0
-2.529460 -1.0
0.2739695 -1.0
 2.175447 -1.0
0.6885740 -1.0
1.2834699 -1.0
-0.180250 -1.0
2.6048991 -1.0
-0.834112 -1.0
-2.274331 -1.0
-0.988559 -1.0
-1.622133 -1.0
-2.400018 -1.0
-0.883240 -1.0
0.4745284 -1.0
1.9699274 -1.0
-1.360038 -1.0
2.8095381 -1.0
-0.837997 -1.0
1.5654028 -1.0
0.9217648 -1.0
-2.459692 -1.0
1.0994290 -1.0
2.4322740 -1.0
1.9788980 -1.0
1.7789679 -1.0
1.2333827 -1.0
-2.372463 -1.0
-2.904692 -1.0
-2.386384 -1.0
-2.849639 -1.0
2.4722647 -1.0
-0.392260 -1.0
-2.855767 -1.0
-0.456324 -1.0
-1.919083 -1.0
-0.520209 -1.0
0.2036292 -1.0
-1.551912 -1.0
-1.679609 -1.0
0.1794828 -1.0
-2.786598 -1.0
1.8931659 -1.0
-2.497192 -1.0
-0.336510 -1.0
-1.392096 -1.0
-0.997850 -1.0
1.2082487 -1.0
-0.897622 -1.0
0.6865954 -1.0
-1.761449 -1.0
-3.123379 -1.0
-2.285466 -1.0
-2.180588 -1.0
-1.984743 -1.0
-1.150131 -1.0
2.2340743 -1.0
3.1396222 -1.0
2.2179124 -1.0
-2.845805 -1.0
0.1567965 -1.0
-0.576198 -1.0
-1.727321 -1.0
-2.533388 -1.0
-1.906022 -1.0
2.6657183 -1.0
-1.696591 -1.0
-0.611923 -1.0
2.5303654 -1.0
1.5793252 -1.0
2.8085341 -1.0
-1.458932 -1.0
-0.427572 -1.0
1.1180747 -1.0
-1.752152 -1.0
1.3803622 -1.0
1.8358780 -1.0
2.7279906 -1.0
-3.049499 -1.0
-2.086913 -1.0
0.0337828 -1.0
-1.557195 -1.0
1.4794631 -1.0
1.0847036 -1.0
1.5948249 -1.0
-0.132114 -1.0
-2.144112 -1.0
0.8540121 -1.0
-0.890030 -1.0
0.8151481 -1.0
-0.456458 -1.0
0.7542843 -1.0
-3.008039 -1.0
-2.242260 -1.0
-2.554820 -1.0
0.6303417 -1.0
1.6701136 -1.0
3.0680944 -1.0
-0.635943 -1.0
0.1893514 -1.0
-1.596031 -1.0
-1.936713 -1.0
-0.507098 -1.0
-1.736984 -1.0
1.8044507 -1.0
1.2846382 -1.0
0.0740890 -1.0
-1.402010 -1.0
-2.604651 -1.0
1.0605621 -1.0
-1.136822 -1.0
-1.630622 -1.0
-1.679562 -1.0
-1.612350 -1.0
-0.782058 -1.0
1.8709758 -1.0
-0.399259 -1.0
-2.238738 -1.0
0.3872713 -1.0
0.5398569 -1.0
-2.779902 -1.0
1.3178321 -1.0
1.4571483 -1.0
0.8762398 -1.0
-1.503569 -1.0
2.2966487 -1.0
0.1928346 -1.0
-0.885423 -1.0
-0.504189 -1.0
0.9212485 -1.0
-0.516929 -1.0
-0.455094 -1.0
1.5223259 -1.0
-2.796746 -1.0
-2.703824 -1.0
-0.595827 -1.0
-1.376668 -1.0
1.3434311 -1.0
-0.000788 -1.0
-1.068187 -1.0
1.7026608 -1.0
2.9861602 -1.0
-2.060592 -1.0
-1.286368 -1.0
2.4678478 -1.0
0.9970893 -1.0
-1.724121 -1.0
-0.325647 -1.0
-2.294329 -1.0
-0.606687 -1.0
-1.858716 -1.0
0.7847664 -1.0
-3.066715 -1.0
2.4639158 -1.0
-2.590584 -1.0
0.0180378 -1.0
-0.428067 -1.0
-1.346281 -1.0
1.3814261 -1.0
-0.952897 -1.0
-1.157977 -1.0
3.0872368 -1.0
-2.899033 -1.0
-0.897339 -1.0
1.7314074 -1.0
1.8156247 -1.0
-0.880655 -1.0
1.2917306 -1.0
-0.220291 -1.0
2.1158042 -1.0
-3.020399 -1.0
3.0907759 -1.0
 2.572319 -1.0
0.6200906 -1.0
0.6536867 -1.0
0.9422215 -1.0
-1.639349 -1.0
1.9364795 -1.0
-1.635791 -1.0
2.5180783 -1.0
0.9091348 -1.0
0.8565890 -1.0
1.6340626 -1.0
-2.154015 -1.0
0.8352997 -1.0
0.2699380 -1.0
-2.622162 -1.0
2.5481307 -1.0
2.0250058 -1.0
-0.453364 -1.0
1.9735411 -1.0
-0.634229 -1.0
0.6726263 -1.0
1.5630185 -1.0
3.1162853 -1.0
0.0584616 -1.0
-2.749399 -1.0
1.2538152 -1.0
3.1392161 -1.0
0.7405532 -1.0
3.0579497 -1.0
-2.986798 -1.0
0.5526265 -1.0
0.3867090 -1.0
-0.337305 -1.0
2.8225946 -1.0
1.2296018 -1.0
-1.538251 -1.0
1.6462514 -1.0
0.1034270 -1.0
1.9805458 -1.0
3.0888938 -1.0
0.8888584 -1.0
-1.314882 -1.0
1.7779515 -1.0
-3.029995 -1.0
-1.441341 -1.0
-0.238102 -1.0
3.1376977 -1.0
-0.125275 -1.0
-2.350634 -1.0
2.3613691 -1.0
1.7192478 -1.0
-0.336927 -1.0
1.1479278 -1.0
2.0492711 -1.0
2.8241610 -1.0
2.7919378 -1.0
2.0630576 -1.0
2.3717298 -1.0
-1.213500 -1.0
-2.013679 -1.0
1.2167615 -1.0
2.8646881 -1.0
1.1649285 -1.0
0.4367584 -1.0
-1.682166 -1.0
2.7087299 -1.0
-0.925941 -1.0
0.3169931 -1.0
-1.790031 -1.0
0.7792520 -1.0
-0.633336 -1.0
2.0325569 -1.0
1.1397983 -1.0
-0.059781 -1.0
2.1926605 -1.0
-0.387057 -1.0
-0.137189 -1.0
2.7710053 -1.0
1.2141032 -1.0
1.6590123 -1.0
-1.659525 -1.0
-0.258650 -1.0
-1.317478 -1.0
1.5005375 -1.0
0.2672918 -1.0
2.9885590 -1.0
0.8982435 -1.0
-2.221948 -1.0
-0.670799 -1.0
2.8992765 -1.0
0.5550336 -1.0
0.9328975 -1.0
-1.512678 -1.0
-1.779597 -1.0
0.7416035 -1.0
-0.433296 -1.0
-0.166231 -1.0
2.9207632 -1.0
0.0480983 -1.0
-2.556355 -1.0
-0.573046 -1.0
-3.084719 -1.0
2.7177374 -1.0
1.2655653 -1.0
2.8774399 -1.0
-0.637646 -1.0
-1.235126 -1.0
-2.149545 -1.0
1.7803635 -1.0
0.2928514 -1.0
1.8995788 -1.0
-2.547138 -1.0
-1.348107 -1.0
0.5171065 -1.0
-0.790653 -1.0
0.3440414 -1.0
-1.208180 -1.0
-2.739178 -1.0
-2.768384 -1.0
2.2870889 -1.0
2.9550161 -1.0
-0.101150 -1.0
-2.621079 -1.0
-2.080452 -1.0
-1.519789 -1.0
-2.807198 -1.0
2.7726724 -1.0
-0.610697 -1.0
3.0208387 -1.0
0.6774453 -1.0
1.0837180 -1.0
3.0669138 -1.0
-2.951398 -1.0
1.0772894 -1.0
3.0951969 -1.0
2.7032661 -1.0
0.2544677 -1.0
0.7851974 -1.0
-2.106569 -1.0
3.0163607 -1.0
2.5573856 -1.0
1.0307243 -1.0
1.5298280 -1.0
2.1004438 -1.0
2.6944091 -1.0
0.2099210 -1.0
-3.101873 -1.0
2.7355410 -1.0
1.4784784 -1.0
2.8987841 -1.0
-2.526492 -1.0
-3.040651 -1.0
1.0769426 -1.0
1.8132015 -1.0
2.5833778 -1.0
2.2749483 -1.0
-2.997964 -1.0
-0.118611 -1.0
-3.003279 -1.0
2.1142893 -1.0
-1.413416 -1.0
-0.760270 -1.0
1.1625651 -1.0
-2.095230 -1.0
-1.193545 -1.0
0.0203643 -1.0
0.3759696 -1.0
1.1061791 -1.0
-2.509339 -1.0
-0.565634 -1.0
0.9001880 -1.0
-0.057551 -1.0
-2.620925 -1.0
2.5597810 -1.0
1.7447509 -1.0
-1.349403 -1.0
-2.259680 -1.0
0.7513750 -1.0
0.1623093 -1.0
-0.756147 -1.0
-2.490495 -1.0
-2.912606 -1.0
-0.262126 -1.0
3.1113677 -1.0
-2.240537 -1.0
2.5248069 -1.0
-2.492378 -1.0
0.9906581 -1.0
-1.237922 -1.0
2.1597488 -1.0
1.4602234 -1.0
-2.618644 -1.0
-1.370124 -1.0
2.4653384 -1.0
-0.668240 -1.0
1.0382749 -1.0
1.8783570 -1.0
-2.544143 -1.0
2.9089336 -1.0
-2.242148 -1.0
0.4290422 -1.0
1.9338541 -1.0
-2.992056 -1.0
-0.973600 -1.0
1.2331524 -1.0
0.1139737 -1.0
-2.251830 -1.0
-2.570481 -1.0
-2.228303 -1.0
-0.580696 -1.0
-2.583420 -1.0
-0.331973 -1.0
-0.426026 -1.0
-0.362580 -1.0
2.0500211 -1.0
-0.242824 -1.0
-0.929255 -1.0
1.4243643 -1.0
1.8506798 -1.0
2.4042987 -1.0
1.8374610 -1.0
1.5036988 -1.0
-0.048746 -1.0
-1.124776 -1.0
-3.139953 -1.0
1.7287384 -1.0
-3.139958 -1.0
2.8079023 -1.0
-1.059611 -1.0
-2.832410 -1.0
-0.091164 -1.0
0.0691467 -1.0
0.6488846 -1.0
0.3749914 -1.0
-3.103936 -1.0
1.6843148 -1.0
1.1773282 -1.0
-0.695645 -1.0
-1.685228 -1.0
0.3992406 -1.0
-0.592779 -1.0
-1.059258 -1.0
-2.358126 -1.0
-0.515730 -1.0
1.1970563 -1.0
-0.728232 -1.0
-1.745440 -1.0
-0.324541 -1.0
-0.504089 -1.0
0.7903680 -1.0
0.6094116 -1.0
0.8349958 -1.0
1.9356681 -1.0
2.7636208 -1.0
2.0049359 -1.0
0.9359361 -1.0
0.3905001 -1.0
-0.862054 -1.0
1.4510673 -1.0
-1.740483 -1.0
0.1846052 -1.0
-2.016509 -1.0
0.9239366 -1.0
0.8712687 -1.0
-1.407289 -1.0
2.8599415 -1.0
2.1201603 -1.0
-2.641623 -1.0
2.9393563 -1.0
1.6314355 -1.0
2.6357803 -1.0
2.5373404 -1.0
-0.247414 -1.0
-1.480833 -1.0
0.1818958 -1.0
0.0089499 -1.0
3.1042068 -1.0
-1.638642 -1.0
0.6062843 -1.0
-2.146216 -1.0
-0.587506 -1.0
-2.039580 -1.0
0.7844578 -1.0
-0.268646 -1.0
1.1936699 -1.0
-1.554359 -1.0
-0.048068 -1.0
-2.418391 -1.0
0.3062247 -1.0
1.4245511 -1.0
-1.481197 -1.0
-1.963031 -1.0
0.0603951 -1.0
1.6915452 -1.0
1.0889099 -1.0
-0.269635 -1.0
1.0247715 -1.0
-1.159287 -1.0
2.5392558 -1.0
2.5203657 -1.0
-2.532891 -1.0
-2.211437 -1.0
-1.235109 -1.0
-0.594179 -1.0
2.3601272 -1.0
2.7764928 -1.0
-2.953798 -1.0
2.2010789 -1.0
-1.194429 -1.0
0.1644879 -1.0
2.0665488 -1.0
-0.474455 -1.0
2.7861364 -1.0
2.1411433 -1.0
-1.015057 -1.0
-0.718958 -1.0
-1.339770 -1.0
1.5028699 -1.0
2.9193859 -1.0
-0.831511 -1.0
0.8676476 -1.0
2.2258365 -1.0
-0.754850 -1.0
0.7084213 -1.0
2.6809747 -1.0
0.5985609 -1.0
-0.259779 -1.0
1.1409337 -1.0
-2.618000 -1.0
-1.632130 -1.0
2.8941934 -1.0
-3.134065 -1.0
-0.979691 -1.0
2.7529585 -1.0
-0.934401 -1.0
2.2724027 -1.0
0.7909485 -1.0
-0.826865 -1.0
-0.259776 -1.0
-3.056831 -1.0
-1.408546 -1.0
1.7041212 -1.0
1.3792114 -1.0
0.1593291 -1.0
-3.040008 -1.0
-2.502580 -1.0
-1.112598 -1.0
-0.320506 -1.0
-2.354422 -1.0
0.0661890 -1.0
-0.754831 -1.0
-1.609619 -1.0
0.6988863 -1.0
0.2928109 -1.0
-2.092248 -1.0
1.6149526 -1.0
-1.363726 -1.0
3.0945875 -1.0
-0.795050 -1.0
0.6124714 -1.0
-2.163390 -1.0
-2.125975 -1.0
-1.334177 -1.0
-2.562301 -1.0
-2.214437 -1.0
-3.010750 -1.0
2.9395589 -1.0
-0.308100 -1.0
0.7258011 -1.0
-2.633649 -1.0
0.8256240 -1.0
-2.156459 -1.0
-0.299101 -1.0
-1.211484 -1.0
0.3561397 -1.0
-2.074149 -1.0
0.0465943 -1.0
1.7697226 -1.0
-2.868333 -1.0
2.7603840 -1.0
-1.451128 -1.0
-1.126377 -1.0
2.2733533 -1.0
1.1088319 -1.0
-1.176310 -1.0
0.3966026 -1.0
-2.652531 -1.0
0.3420993 -1.0
-3.128415 -1.0
-0.559015 -1.0
0.2176874 -1.0
-0.886826 -1.0
2.4259438 -1.0
-0.601488 -1.0
-2.989046 -1.0
2.9585490 -1.0
-0.326323 -1.0
-2.070831 -1.0
-3.070152 -1.0
2.4202711 -1.0
1.3937813 -1.0
1.0357005 -1.0
-0.023233 -1.0
-1.378360 -1.0
-1.527351 -1.0
-1.891087 -1.0
-0.016488 -1.0
0.0234382 -1.0
-2.086885 -1.0
-2.018375 -1.0
-1.207862 -1.0
2.8951692 -1.0
-1.071352 -1.0
-0.283490 -1.0
2.9331562 -1.0
0.4546553 -1.0
0.3267567 -1.0
-1.544432 -1.0
0.8960128 -1.0
1.7041726 -1.0
1.1375665 -1.0
1.5217787 -1.0
1.3017567 -1.0
1.0544942 -1.0
-2.272064 -1.0
-2.026378 -1.0
-2.003820 -1.0
0.7860103 -1.0
0.3491265 -1.0
-1.580437 -1.0
-2.189019 -1.0
-2.632885 -1.0
0.2990128 -1.0
-1.254979 -1.0
-0.238086 -1.0
-2.681319 -1.0
-1.170750 -1.0
0.2317752 -1.0
0.5516312 -1.0
-1.535880 -1.0
1.3983405 -1.0
-1.613596 -1.0
3.1143467 -1.0
-0.107938 -1.0
-3.136446 -1.0
-2.428670 -1.0
-0.535392 -1.0
-2.033033 -1.0
1.7105784 -1.0
0.8121803 -1.0
-2.488705 -1.0
2.1562264 -1.0
3.1255536 -1.0
2.1578404 -1.0
-0.416302 -1.0
-2.579636 -1.0
1.2758954 -1.0
-0.211889 -1.0
2.0372681 -1.0
-0.869042 -1.0
-0.234043 -1.0
1.3013266 -1.0
1.6050299 -1.0
-2.171772 -1.0
0.4021370 -1.0
1.0865590 -1.0
-0.701608 -1.0
-0.995403 -1.0
1.3320251 -1.0
1.7447446 -1.0
2.3769946 -1.0
1.5078958 -1.0
-2.729168 -1.0
-1.086096 -1.0
-0.237941 -1.0
2.7613435 -1.0
0.8956106 -1.0
-0.345837 -1.0
-1.484770 -1.0
3.0349137 -1.0
-2.348516 -1.0
-0.200704 -1.0
0.6269278 -1.0
2.6235961 -1.0
1.3840287 -1.0
3.0259864 -1.0
0.0586239 -1.0
-2.431247 -1.0
2.1347472 -1.0
0.0927863 -1.0
-1.999177 -1.0
-0.160767 -1.0
0.1826196 -1.0
2.6953866 -1.0
-1.237447 -1.0
-0.085734 -1.0
-0.328598 -1.0
-2.023058 -1.0
-2.603561 -1.0
0.1200325 -1.0
-0.564276 -1.0
-2.376248 -1.0
0.9588303 -1.0
-3.082125 -1.0
-2.623708 -1.0
2.3449113 -1.0
2.2882576 -1.0
3.0329899 -1.0
3.0804655 -1.0
-0.912766 -1.0
-2.025939 -1.0
0.4384772 -1.0
-0.755089 -1.0
-0.596073 -1.0
3.0756597 -1.0
-2.414320 -1.0
-0.449148 -1.0
-2.903795 -1.0
2.2247534 -1.0
1.2743209 -1.0
-1.673564 -1.0
-2.219338 -1.0
1.2706094 -1.0
2.0441613 -1.0
-0.997027 -1.0
-1.307317 -1.0
-1.257347 -1.0
-3.083047 -1.0
-0.901934 -1.0
-2.746698 -1.0
-0.761232 -1.0
-0.302881 -1.0
-2.609687 -1.0
-1.806146 -1.0
-2.843085 -1.0
0.9345631 -1.0
1.0392647 -1.0
3.0683887 -1.0
0.1784599 -1.0
-0.917431 -1.0
2.8055563 -1.0
0.2383173 -1.0
-2.018440 -1.0
0.6942584 -1.0
2.0680425 -1.0
-1.612090 -1.0
1.0343897 -1.0
-0.582854 -1.0
-0.109505 -1.0
2.6835615 -1.0
-2.415090 -1.0
-0.361686 -1.0
-0.548303 -1.0
-3.071308 -1.0
1.6073521 -1.0
-0.849744 -1.0
1.6174142 -1.0
-0.716800 -1.0
1.4839664 -1.0
-1.572558 -1.0
-2.318493 -1.0
0.2615409 -1.0
-2.153490 -1.0
2.4379791 -1.0
-0.574526 -1.0
-2.958253 -1.0
1.3575431 -1.0
0.4495143 -1.0
1.8210554 -1.0
-2.046056 -1.0
-2.251548 -1.0
2.7166409 -1.0
2.4237968 -1.0
-2.856086 -1.0
-0.897203 -1.0
-2.593655 -1.0
-0.996145 -1.0
-0.171349 -1.0
3.0009646 -1.0
-1.786428 -1.0
0.6390293 -1.0
1.3187838 -1.0
-1.882995 -1.0
1.3222824 -1.0
1.6898851 -1.0
1.8913257 -1.0
0.5484851 -1.0
1.9233088 -1.0
-0.133332 -1.0
2.9222769 -1.0
2.1395146 -1.0
-0.179963 -1.0
2.6790091 -1.0
0.7142171 -1.0
-1.653616 -1.0
0.3869475 -1.0
 2.131665 -1.0
1.9368729 -1.0
0.7320160 -1.0
-2.769600 -1.0
2.1805269 -1.0
2.2137904 -1.0
-1.113697 -1.0
-0.548927 -1.0
-0.226175 -1.0
0.0606198 -1.0
-0.864404 -1.0
-0.481146 -1.0
1.0149022 -1.0
2.7980570 -1.0
-2.099956 -1.0
1.5649526 -1.0
-0.282912 -1.0
1.9650365 -1.0
0.2869666 -1.0
1.9049924 -1.0
-0.326765 -1.0
-0.941608 -1.0
-0.519817 -1.0
-2.965518 -1.0
0.6606335 -1.0
-2.296911 -1.0
2.8674922 -1.0
-2.595036 -1.0
-0.005636 -1.0
2.6896198 -1.0
0.0417254 -1.0
-1.753136 -1.0
-1.039345 -1.0
2.3521168 -1.0
-2.891596 -1.0
1.3017190 -1.0
-0.006181 -1.0
-2.904394 -1.0
-1.005430 -1.0
-1.827014 -1.0
-1.338390 -1.0
0.9280898 -1.0
0.8984255 -1.0
-0.907669 -1.0
1.8909218 -1.0
-1.466442 -1.0
-1.492140 -1.0
1.6941278 -1.0
1.6585649 -1.0
0.8398842 -1.0
2.4241831 -1.0
0.0434287 -1.0
2.9900643 -1.0
-0.659460 -1.0
-1.363669 -1.0
0.1621292 -1.0
-3.100569 -1.0
-1.583193 -1.0
1.0090168 -1.0
-0.922830 -1.0
2.5802621 -1.0
0.6879111 -1.0
-2.642723 -1.0
-2.082554 -1.0
-1.315768 -1.0
-0.231542 -1.0
-1.590065 -1.0
-0.223481 -1.0
-0.349116 -1.0
2.9238772 -1.0
-1.753983 -1.0
0.4678849 -1.0
-0.878408 -1.0
0.0661093 -1.0
-2.756832 -1.0
0.9798515 -1.0
2.4253578 -1.0
-1.552021 -1.0
-2.400534 -1.0
-0.608715 -1.0
2.5384175 -1.0
2.1377928 -1.0
0.8896363 -1.0
0.7278446 -1.0
1.7012475 -1.0
3.1342208 -1.0
-0.001077 -1.0
-0.268858 -1.0
3.0433218 -1.0
0.7653021 -1.0
0.4619659 -1.0
-1.830128 -1.0
-0.852823 -1.0
1.8715407 -1.0
1.9925518 -1.0
-0.294326 -1.0
-0.626535 -1.0
1.4043843 -1.0
0.8106173 -1.0
2.8935971 -1.0
-2.443073 -1.0
0.3587318 -1.0
-0.980326 -1.0
-0.704642 -1.0
-2.913793 -1.0
1.1891819 -1.0
1.2685869 -1.0
2.6913025 -1.0
-1.103935 -1.0
2.9544019 -1.0
0.6923461 -1.0
0.1252316 -1.0
0.6068095 -1.0
-2.614039 -1.0
2.6607107 -1.0
-0.518319 -1.0
0.6942079 -1.0
-0.226066 -1.0
-0.096985 -1.0
1.4326208 -1.0
2.6608512 -1.0
-2.032938 -1.0
-2.592422 -1.0
0.2564193 -1.0
-2.377088 -1.0
0.6435894 -1.0
-2.756689 -1.0
-1.284888 -1.0
0.7852351 -1.0
-0.388944 -1.0
2.7557024 -1.0
2.4321093 -1.0
0.0665297 -1.0
1.1148886 -1.0
0.0586520 -1.0
0.2051415 -1.0
2.5908014 -1.0
0.7233977 -1.0
-0.247070 -1.0
-1.449709 -1.0
-0.643084 -1.0
1.5447714 -1.0
1.7309573 -1.0
2.2879724 -1.0
1.3367326 -1.0
-2.778058 -1.0
1.4869245 -1.0
-0.860168 -1.0
-2.616726 -1.0
0.8741253 -1.0
-1.816535 -1.0
-2.661443 -1.0
2.3721549 -1.0
-1.147776 -1.0
-0.620435 -1.0
-2.724404 -1.0
-0.301977 -1.0
-0.879968 -1.0
-2.853893 -1.0
1.7700775 -1.0
1.7864704 -1.0
-2.902470 -1.0
0.5313395 -1.0
-0.489905 -1.0
1.6921411 -1.0
-1.359973 -1.0
-2.492687 -1.0
-1.397973 -1.0
2.6759021 -1.0
-0.630898 -1.0
0.2506371 -1.0
-1.227863 -1.0
2.8039748 -1.0
-1.277542 -1.0
-1.080535 -1.0
2.7407371 -1.0
-2.863764 -1.0
0.7961039 -1.0
2.9774870 -1.0
2.1071226 -1.0
-2.198133 -1.0
-1.418378 -1.0
-1.652552 -1.0
-0.632106 -1.0
0.6894935 -1.0
-2.651739 -1.0
1.4495304 -1.0
-1.084645 -1.0
-0.762168 -1.0
-0.505196 -1.0
0.9491366 -1.0
-1.922257 -1.0
2.3167586 -1.0
0.2943562 -1.0
0.3990835 -1.0
-3.101186 -1.0
-0.027230 -1.0
2.7439775 -1.0
1.7799121 -1.0
2.4767620 -1.0
-0.939011 -1.0
-1.704384 -1.0
-1.767650 -1.0
1.3775301 -1.0
0.7465322 -1.0
1.9075569 -1.0
1.8015551 -1.0
1.7057787 -1.0
1.9543255 -1.0
-0.891523 -1.0
0.6032197 -1.0
-3.093686 -1.0
-1.887946 -1.0
-3.036098 -1.0
1.5100838 -1.0
-0.240634 -1.0
0.3318693 -1.0
1.8739883 -1.0
-1.248082 -1.0
-0.529900 -1.0
-2.313845 -1.0
-2.878238 -1.0
0.4918891 -1.0
1.8271355 -1.0
1.5955145 -1.0
-0.461940 -1.0
-2.128546 -1.0
2.0603609 -1.0
1.8746301 -1.0
-1.946166 -1.0
0.6973754 -1.0
-0.175132 -1.0
-0.380878 -1.0
2.1472935 -1.0
-2.846267 -1.0
2.1678197 -1.0
0.7599012 -1.0
1.8702111 -1.0
-2.750266 -1.0
0.7449909 -1.0
-2.017661 -1.0
-1.143362 -1.0
1.8995506 -1.0
0.7600181 -1.0
-1.685768 -1.0
1.4568707 -1.0
-2.225207 -1.0
1.1564028 -1.0
0.9916959 -1.0
0.0809768 -1.0
-1.608470 -1.0
-1.485513 -1.0
1.6696259 -1.0
2.5719301 -1.0
0.0742951 -1.0
-0.835818 -1.0
0.2746182 -1.0
-0.139067 -1.0
-0.901319 -1.0
0.5157748 -1.0
0.1583510 -1.0
2.6945481 -1.0
-2.271863 -1.0
 3.016294 -1.0
1.1951066 -1.0
0.5323142 -1.0
-0.683794 -1.0
2.5735438 -1.0
-0.783675 -1.0
-2.515776 -1.0
-2.163421 -1.0
-0.290662 -1.0
-0.721909 -1.0
-1.960363 -1.0
-2.947231 -1.0
1.9474780 -1.0
-1.659453 -1.0
-2.204647 -1.0
0.2291691 -1.0
1.6924527 -1.0
2.7762277 -1.0
0.5362664 -1.0
1.1156427 -1.0
-0.754857 -1.0
-1.578254 -1.0
1.4945803 -1.0
2.9027194 -1.0
-1.985126 -1.0
-1.107059 -1.0
-2.471216 -1.0
-2.588926 -1.0
1.8870904 -1.0
2.4978396 -1.0
0.1795151 -1.0
-0.689048 -1.0
2.7203095 -1.0
1.0822776 -1.0
3.0486276 -1.0
-2.514112 -1.0
2.7647519 -1.0
-2.624507 -1.0
0.5052861 -1.0
-2.024465 -1.0
-0.414262 -1.0
2.7096972 -1.0
1.9431252 -1.0
0.2788593 -1.0
2.0298769 -1.0
0.0935365 -1.0
3.1028802 -1.0
2.4454559 -1.0
1.0999487 -1.0
-1.619818 -1.0
-2.994237 -1.0
0.9592617 -1.0
0.9846187 -1.0
-1.397171 -1.0
-0.899880 -1.0
-2.469457 -1.0
2.0705950 -1.0
-3.078534 -1.0
-2.468701 -1.0
-1.672694 -1.0
-2.842165 -1.0
2.5045702 -1.0
1.3759741 -1.0
0.5315954 -1.0
2.8217234 -1.0
0.2211319 -1.0
-1.637963 -1.0
2.9666523 -1.0
-2.151487 -1.0
1.8695474 -1.0
-0.198962 -1.0
-0.591822 -1.0
0.2507125 -1.0
-3.085737 -1.0
-2.969427 -1.0
2.1551840 -1.0
2.0922122 -1.0
-0.086049 -1.0
2.9238264 -1.0
0.4131168 -1.0
1.4124822 -1.0
2.1174290 -1.0
2.3686919 -1.0
-1.535261 -1.0
0.6715515 -1.0
-0.700913 -1.0
0.9561591 -1.0
1.4923315 -1.0
1.5854803 -1.0
0.3298954 -1.0
0.2013028 -1.0
2.5427260 -1.0
2.5064117 -1.0
-1.424936 -1.0
-0.616556 -1.0
-2.689074 -1.0
-1.341068 -1.0
-1.943122 -1.0
-2.663927 -1.0
1.8368984 -1.0
0.2673113 -1.0
-0.094252 -1.0
-1.062849 -1.0
0.8384900 -1.0
1.9780013 -1.0
0.3656617 -1.0
-1.784540 -1.0
-1.741630 -1.0
0.5778546 -1.0
0.9597273 -1.0
-0.223602 -1.0
0.1956386 -1.0
-0.753679 -1.0
1.8711194 -1.0
2.0892238 -1.0
-1.570265 -1.0
-1.377228 -1.0
-2.962599 -1.0
-2.420435 -1.0
0.7368491 -1.0
1.1041882 -1.0
-1.397254 -1.0
0.8593838 -1.0
0.6552260 -1.0
2.3827986 -1.0
1.7153941 -1.0
-3.107888 -1.0
0.1421176 -1.0
1.3767345 -1.0
-0.243609 -1.0
1.8257737 -1.0
-1.077644 -1.0
2.1698520 -1.0
-1.816662 -1.0
2.4340388 -1.0
3.0198922 -1.0
2.3272762 -1.0
0.0593799 -1.0
1.0145294 -1.0
0.1988218 -1.0
0.4009638 -1.0
-0.238773 -1.0
-0.062266 -1.0
0.2119859 -1.0
-0.860243 -1.0
1.6365488 -1.0
-1.745413 -1.0
-1.806819 -1.0
2.5519936 -1.0
1.4443631 -1.0
-1.676286 -1.0
-2.251787 -1.0
-2.311921 -1.0
-0.880181 -1.0
-2.197923 -1.0
0.4594334 -1.0
1.4302655 -1.0
0.0250181 -1.0
-0.917286 -1.0
-0.046747 -1.0
1.5213631 -1.0
2.1970129 -1.0
2.4766120 -1.0
-1.382503 -1.0
0.7304557 -1.0
-2.988058 -1.0
1.5664215 -1.0
-1.328850 -1.0
1.2301965 -1.0
1.3738846 -1.0
-1.622921 -1.0
-0.232958 -1.0
0.0404240 -1.0
0.4648074 -1.0
2.2106568 -1.0
1.3813613 -1.0
-1.996013 -1.0
-2.560780 -1.0
1.6573946 -1.0
-1.609785 -1.0
2.4694566 -1.0
-2.942674 -1.0
-1.449985 -1.0
1.5528812 -1.0
0.6760145 -1.0
1.7840646 -1.0
2.6000125 -1.0
1.8347885 -1.0
-0.350030 -1.0
3.0205919 -1.0
-2.726371 -1.0
3.0699009 -1.0
-1.777997 -1.0
-0.124564 -1.0
2.1135902 -1.0
0.3879353 -1.0
-2.138041 -1.0
0.4768683 -1.0
2.5565225 -1.0
-0.739554 -1.0
0.4192472 -1.0
0.2578833 -1.0
 2.725142 -1.0
-2.332693 -1.0
2.8700699 -1.0
-1.446248 -1.0
0.9940160 -1.0
0.4755082 -1.0
0.6827065 -1.0
-0.643399 -1.0
-0.278448 -1.0
-0.953022 -1.0
-2.102083 -1.0
0.4052786 -1.0
-0.700020 -1.0
-1.256055 -1.0
0.5651076 -1.0
0.2540008 -1.0
-0.874947 -1.0
-1.522637 -1.0
1.2618638 -1.0
-2.067317 -1.0
-0.567231 -1.0
2.4901986 -1.0
0.7256619 -1.0
-1.418335 -1.0
0.2083365 -1.0
-0.706946 -1.0
2.1141557 -1.0
0.2246850 -1.0
2.2150995 -1.0
0.4755239 -1.0
-2.460148 -1.0
1.2899807 -1.0
-2.404966 -1.0
1.8578172 -1.0
0.5941999 -1.0
-0.306510 -1.0
1.4241225 -1.0
-0.918575 -1.0
-0.430885 -1.0
1.8251475 -1.0
1.2977360 -1.0
-2.562752 -1.0
-0.765831 -1.0
-1.629105 -1.0
-0.496119 -1.0
-0.050143 -1.0
0.7818961 -1.0
1.8254131 -1.0
2.3721122 -1.0
0.0198864 -1.0
-0.395095 -1.0
-0.205911 -1.0
0.2877351 -1.0
-1.482518 -1.0
2.6650903 -1.0
-2.862021 -1.0
-2.058351 -1.0
1.9438059 -1.0
-0.382433 -1.0
0.4383458 -1.0
-0.139357 -1.0
-1.415953 -1.0
0.7036617 -1.0
-0.719764 -1.0
0.9435979 -1.0
-2.349128 -1.0
-2.976040 -1.0
-0.297504 -1.0
-0.364329 -1.0
2.5985779 -1.0
0.3866728 -1.0
2.9384558 -1.0
-1.026339 -1.0
-2.726496 -1.0
2.7611220 -1.0
0.4064551 -1.0
-0.660796 -1.0
1.3301569 -1.0
3.0260210 -1.0
-0.354181 -1.0
-2.973150 -1.0
-2.299458 -1.0
-2.819313 -1.0
0.6093339 -1.0
1.3957685 -1.0
-2.470094 -1.0
-2.358869 -1.0
-0.283423 -1.0
-3.071926 -1.0
-2.833134 -1.0
1.4288185 -1.0
-1.089351 -1.0
2.3165168 -1.0
-2.725704 -1.0
-2.439199 -1.0
-0.026542 -1.0
0.4469181 -1.0
0.1053393 -1.0
0.8778426 -1.0
2.1813671 -1.0
3.0062234 -1.0
3.0348093 -1.0
1.4999077 -1.0
-0.059263 -1.0
2.6068153 -1.0
2.3592374 -1.0
1.5344544 -1.0
-1.533755 -1.0
-1.852470 -1.0
-1.344028 -1.0
-1.687728 -1.0
-1.201525 -1.0
-1.618867 -1.0
2.3097231 -1.0
-1.473716 -1.0
0.0331022 -1.0
-0.387313 -1.0
-3.047779 -1.0
1.8646736 -1.0
2.2813954 -1.0
2.8267788 -1.0
-1.556167 -1.0
-1.944304 -1.0
-1.706620 -1.0
0.3499759 -1.0
0.6160838 -1.0
-1.745536 -1.0
1.4651968 -1.0
3.1081156 -1.0
0.6776107 -1.0
1.9984085 -1.0
2.3773231 -1.0
-1.354126 -1.0
-0.642473 -1.0
1.1529127 -1.0
-0.543925 -1.0
-1.418586 -1.0
-2.067544 -1.0
-1.585444 -1.0
2.9938108 -1.0
-2.770017 -1.0
-2.351098 -1.0
-0.265459 -1.0
-1.451073 -1.0
-0.006182 -1.0
0.8251376 -1.0
0.4542113 -1.0
-2.373164 -1.0
1.3003109 -1.0
-1.493349 -1.0
0.9312848 -1.0
-1.567360 -1.0
-2.474792 -1.0
0.3520668 -1.0
1.3444267 -1.0
-0.349209 -1.0
1.5420293 -1.0
-1.682885 -1.0
-1.846147 -1.0
-1.825206 -1.0
-1.169434 -1.0
0.5917334 -1.0
2.9503707 -1.0
-0.868112 -1.0
-0.713658 -1.0
1.2634065 -1.0
0.6782991 -1.0
0.4716299 -1.0
-0.939835 -1.0
-1.744220 -1.0
2.5096244 -1.0
-3.109375 -1.0
0.0426883 -1.0
-2.887838 -1.0
2.6264181 -1.0
-1.214968 -1.0
2.5151779 -1.0
-1.481465 -1.0
2.3849752 -1.0
1.6931439 -1.0
-2.285955 -1.0
-0.376797 -1.0
-2.410976 -1.0
-1.825566 -1.0
0.8092606 -1.0
1.2647959 -1.0
-0.742914 -1.0
1.7873287 -1.0
1.0810225 -1.0
0.7700264 -1.0
0.1349839 -1.0
-1.983929 -1.0
0.4011162 -1.0
2.8712923 -1.0
1.1247812 -1.0
1.0599906 -1.0
-3.106356 -1.0
-2.076163 -1.0
1.0358059 -1.0
-1.148473 -1.0
-0.573869 -1.0
-1.617072 -1.0
1.0659822 -1.0
-0.709741 -1.0
0.4004877 -1.0
2.9032254 -1.0
-2.855679 -1.0
0.9994228 -1.0
1.3697896 -1.0
-0.089519 -1.0
1.7805687 -1.0
1.8203974 -1.0
2.9133899 -1.0
-2.021089 -1.0
2.7948760 -1.0
-2.285311 -1.0
2.7821436 -1.0
-0.203820 -1.0
-2.150918 -1.0
2.6383667 -1.0
0.5870104 -1.0
-1.734470 -1.0
2.7264013 -1.0
-1.439090 -1.0
-1.520768 -1.0
0.9752523 -1.0
-1.622387 -1.0
1.3508485 -1.0
-1.928843 -1.0
2.1001742 -1.0
1.1540346 -1.0
0.1534173 -1.0
-0.256464 -1.0
-1.658117 -1.0
0.8880073 -1.0
-0.375272 -1.0
-1.454626 -1.0
-1.047538 -1.0
-2.457385 -1.0
1.7025829 -1.0
2.6758031 -1.0
-1.066117 -1.0
-2.119255 -1.0
-2.292609 -1.0
0.9572257 -1.0
2.8617777 -1.0
2.5864005 -1.0
-1.154296 -1.0
1.8292537 -1.0
-1.196926 -1.0
1.9881541 -1.0
-0.682945 -1.0
0.6061864 -1.0
-3.108229 -1.0
1.9827009 -1.0
-2.190580 -1.0
-1.637017 -1.0
-1.178951 -1.0
-0.775449 -1.0
-2.576868 -1.0
0.0364720 -1.0
-2.177907 -1.0
0.6419845 -1.0
1.3274694 -1.0
0.4695802 -1.0
-2.160645 -1.0
2.4690987 -1.0
1.8881882 -1.0
-0.155216 -1.0
1.6772724 -1.0
0.7892933 -1.0
1.2657672 -1.0
-0.847130 -1.0
1.6003500 -1.0
2.4967808 -1.0
-1.803816 -1.0
-2.845426 -1.0
2.2577247 -1.0
-1.147953 -1.0
-1.456255 -1.0
-0.381837 -1.0
0.3483349 -1.0
-0.202603 -1.0
2.9081783 -1.0
-2.710623 -1.0
-1.938590 -1.0
0.8151084 -1.0
2.8833296 -1.0
-0.283584 -1.0
0.7859448 -1.0
-1.187526 -1.0
3.0778002 -1.0
-3.114912 -1.0
-1.957853 -1.0
-0.551233 -1.0
2.4342668 -1.0
-0.651528 -1.0
1.5759313 -1.0
-0.497889 -1.0
0.9802242 -1.0
-1.098581 -1.0
-2.289687 -1.0
-3.114762 -1.0
1.7176209 -1.0
-0.129893 -1.0
-0.365797 -1.0
-1.101287 -1.0
-2.286694 -1.0
0.4326901 -1.0
-0.276768 -1.0
2.8613057 -1.0
0.3846350 -1.0
0.5606167 -1.0
2.5249955 -1.0
-1.270355 -1.0
3.0109198 -1.0
2.5448920 -1.0
-2.961141 -1.0
0.6146774 -1.0
2.4768817 -1.0
-1.449285 -1.0
2.9892497 -1.0
-2.196106 -1.0
-0.171747 -1.0
0.5544989 -1.0
0.8998657 -1.0
-0.716770 -1.0
1.9617010 -1.0
2.0111870 -1.0
1.2164975 -1.0
-0.229911 -1.0
-0.134827 -1.0
-0.010320 -1.0
-0.228827 -1.0
-2.384996 -1.0
-0.282533 -1.0
2.6661105 -1.0
-2.442466 -1.0
-0.633702 -1.0
0.8677690 -1.0
0.4768242 -1.0
0.3874632 -1.0
2.0090060 -1.0
1.2883839 -1.0
-0.393680 -1.0
2.7359049 -1.0
1.6435180 -1.0
-0.426642 -1.0
0.7606252 -1.0
1.5279885 -1.0
-0.192709 -1.0
 2.738276 -1.0
1.7213727 -1.0
0.5479887 -1.0
-2.984099 -1.0
-0.040680 -1.0
-0.056361 -1.0
-1.724805 -1.0
2.1859533 -1.0
0.3664184 -1.0
3.0973799 -1.0
0.3797860 -1.0
-2.666562 -1.0
-0.898513 -1.0
-2.064864 -1.0
0.3986556 -1.0
1.3659732 -1.0
-0.693877 -1.0
2.0992317 -1.0
1.8668491 -1.0
-2.322499 -1.0
2.2793588 -1.0
-2.798851 -1.0
2.8199262 -1.0
0.8406094 -1.0
-0.754910 -1.0
2.1180138 -1.0
2.1670348 -1.0
1.5453671 -1.0
-2.429330 -1.0
-0.349908 -1.0
-1.857900 -1.0
1.4059031 -1.0
2.3674967 -1.0
-0.605143 -1.0
-2.275516 -1.0
-2.253230 -1.0
0.5144023 -1.0
-3.091810 -1.0
-0.011271 -1.0
0.4863522 -1.0
-1.366434 -1.0
-1.776709 -1.0
-1.909532 -1.0
-0.304403 -1.0
-2.440747 -1.0
-2.729012 -1.0
0.2266049 -1.0
-1.194795 -1.0
1.0838161 -1.0
1.5855653 -1.0
-1.737239 -1.0
1.2343713 -1.0
0.3399629 -1.0
-2.970909 -1.0
-2.719845 -1.0
0.5896878 -1.0
0.8713508 -1.0
1.3677259 -1.0
2.7181899 -1.0
-2.956640 -1.0
-1.434823 -1.0
1.6666198 -1.0
2.2100162 -1.0
0.7016798 -1.0
-1.213262 -1.0
2.9587008 -1.0
1.8004833 -1.0
-0.842170 -1.0
0.9304824 -1.0
-0.569161 -1.0
1.4949773 -1.0
-3.110597 -1.0
2.2926194 -1.0
0.6016672 -1.0
1.9107440 -1.0
1.4379346 -1.0
0.1293394 -1.0
1.9545855 -1.0
1.5350525 -1.0
-1.955835 -1.0
0.9744693 -1.0
-0.317146 -1.0
-1.267301 -1.0
-0.336292 -1.0
-2.266490 -1.0
1.2217487 -1.0
-0.086629 -1.0
-2.022406 -1.0
-0.774083 -1.0
-1.761059 -1.0
0.1141014 -1.0
-2.880567 -1.0
-0.137396 -1.0
1.6560620 -1.0
-0.504569 -1.0
3.1207706 -1.0
1.4087495 -1.0
-0.722528 -1.0
2.2303407 -1.0
-1.127704 -1.0
-1.135237 -1.0
-3.132107 -1.0
2.1831345 -1.0
0.5371949 -1.0
-2.191262 -1.0
-0.182105 -1.0
-0.204117 -1.0
-1.936424 -1.0
-2.617237 -1.0
1.3301452 -1.0
0.7484353 -1.0
-0.127688 -1.0
0.8539170 -1.0
-2.289515 -1.0
1.1025322 -1.0
-2.892091 -1.0
-0.780881 -1.0
0.0867557 -1.0
-0.760968 -1.0
-1.847454 -1.0
0.5614072 -1.0
-2.704885 -1.0
-1.475682 -1.0
0.9651638 -1.0
-0.945152 -1.0
1.1825526 -1.0
-1.132590 -1.0
0.9571315 -1.0
2.9581573 -1.0
-1.481462 -1.0
1.4473826 -1.0
-0.212899 -1.0
-0.576882 -1.0
0.5004936 -1.0
0.7465341 -1.0
-1.672355 -1.0
2.5345042 -1.0
-1.259028 -1.0
-3.089104 -1.0
-2.195652 -1.0
-0.720623 -1.0
2.0740733 -1.0
-0.761258 -1.0
1.2931151 -1.0
-3.027971 -1.0
1.4520335 -1.0
-3.052303 -1.0
0.2140717 -1.0
-3.058011 -1.0
-1.161522 -1.0
3.0799500 -1.0
1.2661725 -1.0
-0.972429 -1.0
-0.746700 -1.0
0.0420090 -1.0
3.1347799 -1.0
-1.063996 -1.0
-0.148199 -1.0
0.6512571 -1.0
0.8611886 -1.0
2.4371836 -1.0
2.7790334 -1.0
2.1227941 -1.0
-1.955281 -1.0
-2.937632 -1.0
2.1677017 -1.0
0.8737843 -1.0
-0.955989 -1.0
0.7167286 -1.0
0.6672054 -1.0
0.5321655 -1.0
-2.557669 -1.0
-1.391200 -1.0
-1.539151 -1.0
0.4458063 -1.0
-0.985201 -1.0
0.0878041 -1.0
1.3079811 -1.0
1.7848095 -1.0
3.0635213 -1.0
3.1356134 -1.0
-0.190539 -1.0
1.1837561 -1.0
2.3356320 -1.0
0.9468062 -1.0
-0.832515 -1.0
2.4070849 -1.0
1.6825801 -1.0
2.9344747 -1.0
-0.788920 -1.0
3.0150628 -1.0
-1.087351 -1.0
-0.887172 -1.0
-1.545513 -1.0
1.2911204 -1.0
1.0029240 -1.0
-0.793076 -1.0
2.8833317 -1.0
0.1582416 -1.0
2.6967392 -1.0
1.7441117 -1.0
-1.461933 -1.0
-1.282065 -1.0
-0.476421 -1.0
-0.011159 -1.0
-0.441506 -1.0
-0.389670 -1.0
-2.551512 -1.0
2.1349394 -1.0
-1.706381 -1.0
1.6110612 -1.0
-0.922430 -1.0
-2.660478 -1.0
1.3842979 -1.0
2.3697633 -1.0
-1.467947 -1.0
0.0400647 -1.0
2.8352055 -1.0
-0.994681 -1.0
1.0405807 -1.0
-3.126437 -1.0
2.7275984 -1.0
0.7190915 -1.0
0.2262127 -1.0
1.4674424 -1.0
1.9482872 -1.0
3.1103746 -1.0
1.5582979 -1.0
-2.930107 -1.0
2.5756099 -1.0
-0.603572 -1.0
-1.590692 -1.0
-0.062031 -1.0
0.0759892 -1.0
0.9240743 -1.0
0.9910890 -1.0
2.5748059 -1.0
1.0710324 -1.0
3.1177496 -1.0
-0.939030 -1.0
-0.137868 -1.0
-3.108041 -1.0
-2.513321 -1.0
-2.615954 -1.0
 1.033764 -1.0
0.4512266 -1.0
-0.392576 -1.0
2.3053135 -1.0
-0.998011 -1.0
1.7371567 -1.0
-1.806324 -1.0
0.4019816 -1.0
-1.807034 -1.0
1.3700919 -1.0
0.9113173 -1.0
2.2439198 -1.0
-0.689304 -1.0
2.9171874 -1.0
-2.738267 -1.0
-0.634142 -1.0
-2.864601 -1.0
-0.773912 -1.0
-2.295652 -1.0
2.2619824 -1.0
0.5982164 -1.0
0.4599000 -1.0
-3.128846 -1.0
1.2523603 -1.0
1.5592957 -1.0
2.3531234 -1.0
0.8901006 -1.0
2.4582860 -1.0
0.9525585 -1.0
2.8808863 -1.0
0.8972521 -1.0
-1.466462 -1.0
-0.820352 -1.0
2.8637457 -1.0
-2.850854 -1.0
-2.461855 -1.0
-2.909426 -1.0
-1.469722 -1.0
1.1660357 -1.0
-2.869920 -1.0
2.3892064 -1.0
1.7880958 -1.0
-0.667211 -1.0
-3.103933 -1.0
-3.114816 -1.0
2.1073649 -1.0
1.9589232 -1.0
2.8460834 -1.0
0.8682099 -1.0
1.6133089 -1.0
1.5831763 -1.0
0.6851053 -1.0
-2.253685 -1.0
0.1729325 -1.0
-2.476996 -1.0
-1.296959 -1.0
1.5617042 -1.0
1.9021697 -1.0
2.8684909 -1.0
1.9328586 -1.0
2.3345985 -1.0
1.1550250 -1.0
-2.337435 -1.0
2.2464709 -1.0
0.5853680 -1.0
0.8488684 -1.0
1.4636181 -1.0
0.7394485 -1.0
-2.614071 -1.0
-0.055697 -1.0
-1.064410 -1.0
0.6102886 -1.0
-2.245560 -1.0
-1.792808 -1.0
1.9254237 -1.0
1.6791553 -1.0
-0.844764 -1.0
-0.620269 -1.0
2.2974040 -1.0
0.6097880 -1.0
2.3369324 -1.0
-1.636204 -1.0
1.9255852 -1.0
0.8471515 -1.0
-1.817682 -1.0
2.5088145 -1.0
-1.369037 -1.0
-1.488464 -1.0
-2.297279 -1.0
2.0752067 -1.0
-1.060539 -1.0
1.0098570 -1.0
-1.330429 -1.0
2.9752862 -1.0
1.2142420 -1.0
2.6945765 -1.0
-2.874995 -1.0
1.3590765 -1.0
-1.546277 -1.0
2.3659570 -1.0
3.0450794 -1.0
-0.702391 -1.0
-1.619155 -1.0
-2.445811 -1.0
-0.692057 -1.0
-2.926848 -1.0
2.0795314 -1.0
-0.226534 -1.0
-0.726360 -1.0
-1.813914 -1.0
-0.017132 -1.0
1.6503101 -1.0
-1.546262 -1.0
1.8668422 -1.0
-2.311421 -1.0
-2.900337 -1.0
1.4196140 -1.0
1.2152615 -1.0
1.9089901 -1.0
0.9162960 -1.0
1.0076957 -1.0
-1.804136 -1.0
-2.728682 -1.0
-0.958661 -1.0
3.1171491 -1.0
1.1006593 -1.0
1.5359152 -1.0
1.7448896 -1.0
-1.826350 -1.0
-1.166248 -1.0
1.4581857 -1.0
2.2472910 -1.0
0.3621983 -1.0
-0.809718 -1.0
-2.404955 -1.0
0.2160775 -1.0
-0.070781 -1.0
1.9450123 -1.0
1.9881031 -1.0
 2.245564 -1.0
2.9550135 -1.0
-2.563525 -1.0
-2.345318 -1.0
-1.923115 -1.0
-1.589797 -1.0
-2.552510 -1.0
1.0486428 -1.0
2.6351344 -1.0
-0.939148 -1.0
-2.946397 -1.0
-1.181017 -1.0
1.8996745 -1.0
2.4667182 -1.0
0.1197732 -1.0
-2.386811 -1.0
2.0627832 -1.0
-0.340055 -1.0
-1.933195 -1.0
-1.034132 -1.0
-0.564518 -1.0
1.6596368 -1.0
2.8873043 -1.0
2.7005395 -1.0
1.5876852 -1.0
2.7741899 -1.0
0.0273570 -1.0
0.6143984 -1.0
0.9420799 -1.0
-1.132427 -1.0
-1.729156 -1.0
3.0673282 -1.0
-2.288685 -1.0
3.0155022 -1.0
-1.994812 -1.0
0.1832921 -1.0
0.7308016 -1.0
-1.937647 -1.0
-0.912419 -1.0
0.4779163 -1.0
-1.604738 -1.0
-2.176060 -1.0
-3.140375 -1.0
0.5778427 -1.0
-0.179098 -1.0
-0.747981 -1.0
-0.598261 -1.0
1.9097396 -1.0
-2.579363 -1.0
-2.311930 -1.0
2.2964486 -1.0
-3.025581 -1.0
-0.363532 -1.0
-2.602631 -1.0
-2.700895 -1.0
0.9952621 -1.0
1.2450613 -1.0
-2.286912 -1.0
-0.086153 -1.0
1.7779520 -1.0
1.3534877 -1.0
0.3756156 -1.0
-1.307181 -1.0
-2.437499 -1.0
-0.193885 -1.0
-0.639933 -1.0
-1.693829 -1.0
-0.612154 -1.0
-0.892159 -1.0
1.4733147 -1.0
-2.325002 -1.0
3.0042638 -1.0
-0.331503 -1.0
-0.228104 -1.0
-1.542716 -1.0
1.8549413 -1.0
-0.144342 -1.0
-1.479698 -1.0
-2.591548 -1.0
-1.513074 -1.0
-0.636047 -1.0
-2.581052 -1.0
2.7462895 -1.0
-1.129108 -1.0
0.8113181 -1.0
-2.163258 -1.0
-1.220734 -1.0
1.5119310 -1.0
-2.732964 -1.0
-1.815380 -1.0
2.8693475 -1.0
-1.675485 -1.0
1.1714378 -1.0
-2.765166 -1.0
1.0709768 -1.0
-1.468870 -1.0
2.1612620 -1.0
-2.124988 -1.0
2.8042693 -1.0
0.9121985 -1.0
-3.133134 -1.0
2.0699384 -1.0
-1.923484 -1.0
3.1336314 -1.0
3.0822224 -1.0
-1.430401 -1.0
2.1092293 -1.0
0.0514646 -1.0
-2.319923 -1.0
1.1472726 -1.0
3.0246694 -1.0
1.4627463 -1.0
2.0259604 -1.0
2.2602600 -1.0
0.5128736 -1.0
-1.224380 -1.0
-1.696131 -1.0
-1.810152 -1.0
-0.903302 -1.0
-1.907203 -1.0
1.1491090 -1.0
-3.102205 -1.0
0.2604677 -1.0
-0.815306 -1.0
-2.853261 -1.0
2.9671917 -1.0
-1.233730 -1.0
0.3334165 -1.0
-1.543798 -1.0
2.4638490 -1.0
1.8778523 -1.0
1.0894345 -1.0
-2.310747 -1.0
0.9611092 -1.0
1.6283643 -1.0
-1.221771 -1.0
-1.572355 -1.0
2.0249855 -1.0
1.2238235 -1.0
0.5461458 -1.0
0.2089228 -1.0
1.5808708 -1.0
-0.980162 -1.0
-3.085472 -1.0
2.3882899 -1.0
-1.101989 -1.0
0.2935484 -1.0
-1.788268 -1.0
0.0670940 -1.0
1.2290594 -1.0
-2.456566 -1.0
-2.832069 -1.0
2.4879989 -1.0
-0.545052 -1.0
-1.565723 -1.0
-2.856241 -1.0
-0.015169 -1.0
2.1671311 -1.0
-2.866302 -1.0
0.3664777 -1.0
2.0214304 -1.0
0.3828007 -1.0
-3.070048 -1.0
2.1592657 -1.0
-1.434485 -1.0
-2.370383 -1.0
-0.927501 -1.0
-0.367194 -1.0
-0.264162 -1.0
-0.037556 -1.0
-1.729254 -1.0
0.9062060 -1.0
2.3754599 -1.0
1.3755929 -1.0
3.0627384 -1.0
-1.889298 -1.0
1.6356959 -1.0
-2.391612 -1.0
-2.006700 -1.0
-1.917712 -1.0
-2.798554 -1.0
-0.885124 -1.0
-2.435539 -1.0
2.3823781 -1.0
2.8343472 -1.0
-1.576262 -1.0
-2.786772 -1.0
0.6413185 -1.0
0.8198352 -1.0
0.9763641 -1.0
-2.851816 -1.0
2.5268053 -1.0
0.2092407 -1.0
2.0110392 -1.0
1.8262058 -1.0
-2.132023 -1.0
-2.124960 -1.0
-1.593106 -1.0
2.6463818 -1.0
1.2804735 -1.0
-1.435784 -1.0
-1.768236 -1.0
-1.440543 -1.0
0.2462771 -1.0
-2.522493 -1.0
2.1372678 -1.0
0.2563064 -1.0
2.3763236 -1.0
-1.580033 -1.0
-2.209264 -1.0
-2.387608 -1.0
-0.353076 -1.0
-1.103638 -1.0
-1.291750 -1.0
0.7881915 -1.0
2.2042555 -1.0
-0.348607 -1.0
1.8507757 -1.0
1.5219732 -1.0
-1.761535 -1.0
-1.380198 -1.0
-2.384918 -1.0
0.8065218 -1.0
-0.551438 -1.0
-1.848840 -1.0
1.2937984 -1.0
-2.414025 -1.0
-0.737116 -1.0
-1.870575 -1.0
-1.568365 -1.0
0.3493092 -1.0
2.0521438 -1.0
1.3580827 -1.0
0.1490558 -1.0
3.0808277 -1.0
0.5045691 -1.0
-1.094116 -1.0
-2.110280 -1.0
-0.388022 -1.0
1.6704559 -1.0
2.9943785 -1.0
2.2991075 -1.0
-2.142063 -1.0
-1.861044 -1.0
0.0935511 -1.0
2.3915278 -1.0
-1.294164 -1.0
-0.840675 -1.0
2.2088444 -1.0
-1.727692 -1.0
1.1855463 -1.0
-2.018690 -1.0
1.6524986 -1.0
2.5216982 -1.0
-1.848128 -1.0
0.1927594 -1.0
-2.918179 -1.0
-1.903321 -1.0
-0.123481 -1.0
-1.836818 -1.0
0.3185013 -1.0
1.0753005 -1.0
0.6249108 -1.0
-0.966313 -1.0
-0.343098 -1.0
1.6885663 -1.0
-1.011242 -1.0
-0.453885 -1.0
-0.208611 -1.0
1.3001225 -1.0
2.2324495 -1.0
0.4927688 -1.0
2.3522689 -1.0
2.5712406 -1.0
-2.400142 -1.0
2.3113372 -1.0
-0.857728 -1.0
-0.808909 -1.0
-0.867411 -1.0
-0.563804 -1.0
-1.374212 -1.0
-2.388853 -1.0
0.5224331 -1.0
2.1988558 -1.0
-2.650201 -1.0
-0.163452 -1.0
0.6585598 -1.0
0.8641854 -1.0
1.7600816 -1.0
-0.881652 -1.0
-2.819551 -1.0
-1.062839 -1.0
-2.243862 -1.0
-0.687374 -1.0
-2.774821 -1.0
-1.642446 -1.0
2.9692268 -1.0
1.0547561 -1.0
2.4451930 -1.0
2.8918573 -1.0
1.2480701 -1.0
2.0745854 -1.0
-2.649185 -1.0
1.9903371 -1.0
0.4209027 -1.0
0.1014917 -1.0
-1.620176 -1.0
-1.105598 -1.0
0.2512094 -1.0
2.9606280 -1.0
-0.859849 -1.0
-2.996398 -1.0
2.9354634 -1.0
1.5522762 -1.0
1.3567522 -1.0
0.6785939 -1.0
0.5373821 -1.0
0.1429171 -1.0
-1.557941 -1.0
0.4356929 -1.0
0.7031457 -1.0
-2.495883 -1.0
0.9367361 -1.0
-1.898397 -1.0
2.8609528 -1.0
-0.587990 -1.0
-0.501946 -1.0
2.8946673 -1.0
-2.895887 -1.0
-1.517591 -1.0
-1.500727 -1.0
-1.711433 -1.0
1.2177428 -1.0
2.6231315 -1.0
0.6287425 -1.0
-1.603456 -1.0
-2.847196 -1.0
-1.544132 -1.0
-2.112136 -1.0
-1.797965 -1.0
-2.069300 -1.0
0.1264805 -1.0
-1.142672 -1.0
0.9604781 -1.0
0.7796714 -1.0
-0.596396 -1.0
0.2752354 -1.0
-2.166003 -1.0
0.7798498 -1.0
0.9006235 -1.0
-2.919824 -1.0
2.7892899 -1.0
1.7296199 -1.0
-2.160393 -1.0
-2.678699 -1.0
-1.590131 -1.0
-1.328827 -1.0
-1.983648 -1.0
-3.048072 -1.0
0.6288228 -1.0
2.0266134 -1.0
0.3763924 -1.0
0.5280124 -1.0
-0.255961 -1.0
-0.089607 -1.0
1.5781997 -1.0
-1.435538 -1.0
0.0752068 -1.0
-0.938386 -1.0
-2.840393 -1.0
0.4340394 -1.0
-2.703220 -1.0
1.4034963 -1.0
0.2378146 -1.0
-0.364906 -1.0
0.2814063 -1.0
1.9817854 -1.0
-1.237574 -1.0
1.8290651 -1.0
-1.010287 -1.0
-1.027281 -1.0
-0.795702 -1.0
2.0883300 -1.0
0.7610611 -1.0
-2.277874 -1.0
1.9225515 -1.0
0.8656975 -1.0
-0.144751 -1.0
-1.018607 -1.0
-1.216487 -1.0
-1.939594 -1.0
1.0875526 -1.0
1.6189967 -1.0
-0.662740 -1.0
-2.490699 -1.0
-1.637596 -1.0
-2.398775 -1.0
-2.419352 -1.0
-0.763301 -1.0
-1.582418 -1.0
2.7631819 -1.0
0.0037010 -1.0
-2.654453 -1.0
-0.302308 -1.0
-0.401427 -1.0
-2.670132 -1.0
-2.075918 -1.0
-3.128515 -1.0
1.7427687 -1.0
-2.260221 -1.0
0.6666242 -1.0
-1.607577 -1.0
-2.269586 -1.0
0.6693492 -1.0
2.7393791 -1.0
-2.129838 -1.0
0.9547192 -1.0
0.2057556 -1.0
0.3974394 -1.0
-2.254485 -1.0
1.1339072 -1.0
-2.183618 -1.0
-1.159783 -1.0
2.0316710 -1.0
1.2178686 -1.0
-0.000683 -1.0
2.4739458 -1.0
2.9645931 -1.0
0.7504391 -1.0
-1.049838 -1.0
-1.184921 -1.0
-2.734596 -1.0
-0.259883 -1.0
2.3964757 -1.0
2.0377898 -1.0
-2.386861 -1.0
-2.167362 -1.0
0.3887927 -1.0
-0.699010 -1.0
-1.310736 -1.0
2.4751608 -1.0
-1.653117 -1.0
0.8276269 -1.0
-0.063942 -1.0
-1.188802 -1.0
-2.892956 -1.0
-0.744020 -1.0
2.0754370 -1.0
2.3439676 -1.0
2.8956995 -1.0
1.8351477 -1.0
2.1114301 -1.0
-0.422095 -1.0
-1.065344 -1.0
-1.871833 -1.0
-0.019270 -1.0
-1.673071 -1.0
0.4388859 -1.0
0.4278348 -1.0
-2.872639 -1.0
-0.933894 -1.0
-0.642926 -1.0
-0.160787 -1.0
-0.833261 -1.0
-3.099052 -1.0
1.1424922 -1.0
0.7077904 -1.0
-1.560670 -1.0
-2.194257 -1.0
-2.145622 -1.0
1.6305064 -1.0
0.2239717 -1.0
-2.906068 -1.0
-0.041140 -1.0
-1.263243 -1.0
2.3490178 -1.0
1.8052336 -1.0
2.1099031 -1.0
2.3154869 -1.0
3.0301754 -1.0
2.5387661 -1.0
-1.456753 -1.0
-1.381028 -1.0
-1.436750 -1.0
-0.987361 -1.0
2.9277160 -1.0
-1.357034 -1.0
-1.182926 -1.0
-2.684328 -1.0
2.9011583 -1.0
1.3890638 -1.0
-1.108873 -1.0
3.1152243 -1.0
-1.858259 -1.0
-2.621709 -1.0
2.5605197 -1.0
0.1424528 -1.0
-0.303963 -1.0
1.0236450 -1.0
0.8798186 -1.0
-1.673519 -1.0
-2.331286 -1.0
1.6090824 -1.0
-1.039035 -1.0
0.9356809 -1.0
-2.716751 -1.0
0.2654833 -1.0
-2.439736 -1.0
-2.499999 -1.0
1.6096190 -1.0
-0.421550 -1.0
-0.416643 -1.0
-2.721874 -1.0
-1.313617 -1.0
-2.662093 -1.0
0.6761906 -1.0
2.0585232 -1.0
-0.976163 -1.0
-1.032669 -1.0
-2.180542 -1.0
0.6785749 -1.0
-2.126420 -1.0
-2.438993 -1.0
-1.611150 -1.0
0.9233419 -1.0
0.0868243 -1.0
-0.582828 -1.0
2.8339171 -1.0
-0.047756 -1.0
-1.005840 -1.0
0.2260001 -1.0
-0.437011 -1.0
2.4710655 -1.0
1.5302181 -1.0
2.2686741 -1.0
-2.115623 -1.0
-1.428346 -1.0
-0.783241 -1.0
1.3589519 -1.0
-3.041888 -1.0
0.8418853 -1.0
-2.000354 -1.0
2.2533416 -1.0
1.0608273 -1.0
0.8232733 -1.0
-1.337195 -1.0
2.3386798 -1.0
2.7041284 -1.0
1.8077185 -1.0
0.6232141 -1.0
-0.109553 -1.0
-1.330397 -1.0
-1.418032 -1.0
-2.371049 -1.0
-0.133254 -1.0
-1.381017 -1.0
-0.077830 -1.0
-0.748649 -1.0
-2.593098 -1.0
0.0623331 -1.0
0.6217787 -1.0
-0.029864 -1.0
2.7581348 -1.0
0.8881163 -1.0
0.8233554 -1.0
1.5811920 -1.0
-0.348411 -1.0
-1.592055 -1.0
0.5520631 -1.0
-0.860597 -1.0
-1.078729 -1.0
-1.688165 -1.0
0.2969983 -1.0
1.6434439 -1.0
-0.056403 -1.0
2.0027994 -1.0
-1.849336 -1.0
-0.855906 -1.0
2.1015594 -1.0
2.7323210 -1.0
2.7301123 -1.0
0.8898306 -1.0
-0.086895 -1.0
1.6167660 -1.0
0.3425261 -1.0
-0.822052 -1.0
-0.352378 -1.0
-0.466600 -1.0
2.7045934 -1.0
0.3586120 -1.0
0.7587249 -1.0
1.6696196 -1.0
1.5650715 -1.0
-2.976802 -1.0
-1.099038 -1.0
-1.239495 -1.0
-2.109881 -1.0
-1.541482 -1.0
1.1033746 -1.0
-1.628244 -1.0
1.6175204 -1.0
1.0268906 -1.0
-2.194827 -1.0
2.2162520 -1.0
2.6808583 -1.0
1.6241025 -1.0
2.2759728 -1.0
-2.421150 -1.0
-0.708080 -1.0
0.0385804 -1.0
1.8875702 -1.0
2.9548220 -1.0
-1.942164 -1.0
 -2.06374 -1.0
1.7087243 -1.0
-0.879089 -1.0
0.2505538 -1.0
0.2950890 -1.0
1.6602640 -1.0
-2.988210 -1.0
-2.283169 -1.0
 -2.41765 -1.0
2.8649535 -1.0
-2.903534 -1.0
2.1901941 -1.0
-2.306805 -1.0
-0.383792 -1.0
0.5892325 -1.0
-1.801978 -1.0
1.5806478 -1.0
0.1900545 -1.0
0.0911048 -1.0
-1.093684 -1.0
0.7054142 -1.0
-1.811514 -1.0
-2.632762 -1.0
1.9834066 -1.0
-1.786080 -1.0
0.8349835 -1.0
-0.901617 -1.0
-0.118990 -1.0
1.5892554 -1.0
1.8352928 -1.0
-2.298230 -1.0
-2.768036 -1.0
0.7421431 -1.0
-1.632975 -1.0
-0.763844 -1.0
-0.087832 -1.0
-3.018632 -1.0
-2.154374 -1.0
0.7834051 -1.0
-2.572130 -1.0
-3.016816 -1.0
0.6402400 -1.0
0.5793864 -1.0
0.8900105 -1.0
2.9515349 -1.0
-0.933705 -1.0
1.4750276 -1.0
2.5861439 -1.0
-1.366909 -1.0
-1.367178 -1.0
-1.019621 -1.0
-0.253667 -1.0
-1.825225 -1.0
-1.248661 -1.0
2.1975917 -1.0
3.0944473 -1.0
-2.151839 -1.0
1.6934228 -1.0
2.4980275 -1.0
2.2928714 -1.0
1.6138333 -1.0
0.8083432 -1.0
2.4530799 -1.0
-1.000922 -1.0
2.7863047 -1.0
0.0917363 -1.0
-0.313502 -1.0
-3.058773 -1.0
-0.294130 -1.0
0.9009495 -1.0
-1.842225 -1.0
-1.802235 -1.0
1.2799189 -1.0
-0.270684 -1.0
-0.732425 -1.0
-1.399988 -1.0
-0.820143 -1.0
-2.785167 -1.0
1.6272443 -1.0
1.6500079 -1.0
-3.138273 -1.0
1.8640164 -1.0
2.9331569 -1.0
1.6268417 -1.0
0.8643966 -1.0
-0.717419 -1.0
-1.661782 -1.0
-2.251430 -1.0
-2.316081 -1.0
1.6377602 -1.0
-2.196194 -1.0
-1.697671 -1.0
-0.738176 -1.0
1.9563348 -1.0
0.8515675 -1.0
1.9458489 -1.0
-0.822216 -1.0
1.6493927 -1.0
-1.880374 -1.0
-1.406117 -1.0
2.1501238 -1.0
-1.648739 -1.0
2.4225466 -1.0
-1.419743 -1.0
-0.474204 -1.0
-0.233914 -1.0
1.4691379 -1.0
0.5300416 -1.0
1.6251460 -1.0
1.9942882 -1.0
-1.232368 -1.0
-2.932965 -1.0
1.0570585 -1.0
-2.804494 -1.0
3.0605595 -1.0
0.7738963 -1.0
2.1356062 -1.0
-0.580528 -1.0
-1.798738 -1.0
-2.909073 -1.0
-2.385933 -1.0
-1.620183 -1.0
2.2110144 -1.0
1.8153299 -1.0
0.9082545 -1.0
0.0907088 -1.0
1.9579329 -1.0
0.9738508 -1.0
0.1519481 -1.0
-1.797972 -1.0
2.9670722 -1.0
-0.734007 -1.0
1.7953772 -1.0
-1.235368 -1.0
-1.538215 -1.0
1.4273088 -1.0
2.8023624 -1.0
-0.903231 -1.0
   2.8678 -1.0
-2.684816 -1.0
2.2104964 -1.0
1.2514807 -1.0
-1.015439 -1.0
2.0007486 -1.0
2.8607509 -1.0
2.4157261 -1.0
2.3888363 -1.0
2.2682819 -1.0
-2.042272 -1.0
-1.116972 -1.0
-1.188359 -1.0
-0.934330 -1.0
-2.916094 -1.0
2.8069963 -1.0
0.2678175 -1.0
-0.928114 -1.0
2.7128336 -1.0
-2.857046 -1.0
1.5300523 -1.0
1.4011581 -1.0
1.6435827 -1.0
-0.397883 -1.0
-1.670420 -1.0
1.5427447 -1.0
-0.797882 -1.0
-2.031292 -1.0
-0.236724 -1.0
1.5615143 -1.0
-2.275876 -1.0
2.3935055 -1.0
-1.358451 -1.0
0.7848860 -1.0
-0.386792 -1.0
0.9263756 -1.0
-0.329684 -1.0
2.2061958 -1.0
2.1272950 -1.0
1.5175218 -1.0
0.4518072 -1.0
-1.019916 -1.0
-2.375539 -1.0
0.2750857 -1.0
1.6361395 -1.0
2.5835952 -1.0
2.3177457 -1.0
-0.350995 -1.0
2.4844303 -1.0
-0.909581 -1.0
-1.100631 -1.0
-1.854693 -1.0
0.8543346 -1.0
-2.940983 -1.0
-0.823765 -1.0
-0.157355 -1.0
1.1213459 -1.0
-2.545072 -1.0
0.7546648 -1.0
0.5273661 -1.0
2.7342419 -1.0
-0.097604 -1.0
 2.491725 -1.0
-2.773074 -1.0
-2.111875 -1.0
0.2014650 -1.0
2.8077580 -1.0
0.1681984 -1.0
0.4048091 -1.0
1.6396976 -1.0
-1.806598 -1.0
-0.813842 -1.0
1.1490491 -1.0
2.8413841 -1.0
-1.485355 -1.0
-1.824849 -1.0
2.7703564 -1.0
-0.314503 -1.0
-2.975956 -1.0
0.5877694 -1.0
0.5619829 -1.0
2.9060728 -1.0
-2.284305 -1.0
0.4096933 -1.0
-0.767066 -1.0
0.7240062 -1.0
1.7855935 -1.0
0.1176732 -1.0
-0.240928 -1.0
0.3971948 -1.0
0.1708503 -1.0
-1.390746 -1.0
-2.010435 -1.0
-0.183544 -1.0
-1.239712 -1.0
1.9767773 -1.0
-1.218954 -1.0
-0.898881 -1.0
2.5525484 -1.0
2.2962203 -1.0
0.4678793 -1.0
0.9667338 -1.0
-0.874232 -1.0
2.4219763 -1.0
-0.640050 -1.0
-0.865175 -1.0
0.5637736 -1.0
1.7967413 -1.0
1.7319149 -1.0
-1.163821 -1.0
2.3087713 -1.0
-1.904762 -1.0
-1.017463 -1.0
0.7918111 -1.0
-1.108744 -1.0
-1.716305 -1.0
-3.007279 -1.0
2.1253752 -1.0
0.5933165 -1.0
-2.645756 -1.0
-2.237391 -1.0
-0.439263 -1.0
-1.877293 -1.0
0.5700204 -1.0
1.2777206 -1.0
-3.041866 -1.0
2.3008253 -1.0
-2.369306 -1.0
1.7187460 -1.0
1.3765450 -1.0
2.3729808 -1.0
0.8992791 -1.0
0.4024438 -1.0
-0.262669 -1.0
0.8918795 -1.0
-0.911947 -1.0
1.0372532 -1.0
-0.475504 -1.0
-3.135269 -1.0
2.8587911 -1.0
-0.716563 -1.0
-2.954529 -1.0
-0.949768 -1.0
-1.087410 -1.0
-2.153222 -1.0
2.7766413 -1.0
0.1231868 -1.0
-1.576251 -1.0
-1.632617 -1.0
-0.436592 -1.0
2.1385943 -1.0
-0.139716 -1.0
-0.460688 -1.0
3.1320033 -1.0
-2.296219 -1.0
-0.929821 -1.0
1.6501867 -1.0
-0.624662 -1.0
0.6804687 -1.0
-0.350554 -1.0
2.3546418 -1.0
0.5313351 -1.0
-1.658452 -1.0
-2.622576 -1.0
-0.499129 -1.0
-0.092779 -1.0
-1.676343 -1.0
2.1316781 -1.0
1.9261129 -1.0
-1.336648 -1.0
0.0510492 -1.0
-0.916086 -1.0
-2.072674 -1.0
-0.528634 -1.0
-2.794609 -1.0
2.6113531 -1.0
1.5835107 -1.0
-0.199709 -1.0
-2.600660 -1.0
-1.175462 -1.0
-2.645208 -1.0
-2.204085 -1.0
-2.329622 -1.0
-1.726247 -1.0
1.9810899 -1.0
2.5639062 -1.0
2.9811136 -1.0
1.8093637 -1.0
-0.643694 -1.0
0.1688979 -1.0
2.2439291 -1.0
-0.036186 -1.0
2.5328571 -1.0
-2.659352 -1.0
-0.638761 -1.0
-1.418648 -1.0
 2.410599 -1.0
1.2649135 -1.0
-3.080754 -1.0
0.9097620 -1.0
-3.027760 -1.0
-3.127150 -1.0
-2.532141 -1.0
-1.554594 -1.0
0.1531011 -1.0
-1.461288 -1.0
-2.777961 -1.0
2.3578438 -1.0
1.2497931 -1.0
-1.100034 -1.0
0.5487954 -1.0
-2.758536 -1.0
-2.538104 -1.0
1.4668389 -1.0
-2.214633 -1.0
1.7394338 -1.0
-2.256223 -1.0
-2.652045 -1.0
1.7537752 -1.0
1.8512501 -1.0
0.2962486 -1.0
0.6108307 -1.0
1.7065215 -1.0
1.9300106 -1.0
0.3319163 -1.0
-0.094883 -1.0
-2.932184 -1.0
-2.531292 -1.0
0.9229244 -1.0
0.2395795 -1.0
-0.248139 -1.0
2.4502782 -1.0
-0.831946 -1.0
0.8560516 -1.0
-0.234547 -1.0
1.9552321 -1.0
2.9858379 -1.0
-0.566559 -1.0
-2.935178 -1.0
-1.095533 -1.0
-1.036961 -1.0
-0.583500 -1.0
2.9141740 -1.0
-1.690799 -1.0
1.0338783 -1.0
-3.076896 -1.0
1.5203254 -1.0
-1.603571 -1.0
2.5344016 -1.0
1.5574348 -1.0
0.5354079 -1.0
1.4063586 -1.0
1.8635452 -1.0
0.2564662 -1.0
-2.485561 -1.0
-0.735011 -1.0
2.8354501 -1.0
-0.183430 -1.0
-0.675366 -1.0
-3.098880 -1.0
1.9549063 -1.0
-2.082586 -1.0
-1.419307 -1.0
2.1878092 -1.0
2.4727842 -1.0
-0.020203 -1.0
0.5283077 -1.0
-2.696658 -1.0
0.5897635 -1.0
-2.343779 -1.0
-2.695024 -1.0
-1.799927 -1.0
-1.337358 -1.0
0.7925490 -1.0
-0.396162 -1.0
2.4377010 -1.0
-2.141006 -1.0
-2.820185 -1.0
-1.629477 -1.0
-2.732328 -1.0
2.5671549 -1.0
-2.534645 -1.0
2.8490135 -1.0
-2.665214 -1.0
1.8008005 -1.0
-2.204772 -1.0
-1.875685 -1.0
-2.826482 -1.0
0.2899076 -1.0
-1.315337 -1.0
2.6461164 -1.0
1.7614449 -1.0
0.5573073 -1.0
2.7666616 -1.0
-2.485866 -1.0
0.9500572 -1.0
-0.973277 -1.0
-0.664801 -1.0
1.5233341 -1.0
 1.176363 -1.0
0.3100392 -1.0
2.4434988 -1.0
-2.238718 -1.0
-2.395910 -1.0
0.2173885 -1.0
0.2089935 -1.0
-0.093218 -1.0
0.4434489 -1.0
-2.906839 -1.0
2.9677708 -1.0
1.4408269 -1.0
-0.429180 -1.0
1.6457438 -1.0
0.1527728 -1.0
2.2991178 -1.0
-1.568579 -1.0
1.2188424 -1.0
0.2328416 -1.0
-2.292760 -1.0
1.1735260 -1.0
-0.376387 -1.0
3.1097407 -1.0
-3.018819 -1.0
-1.660963 -1.0
2.1410827 -1.0
-3.137935 -1.0
2.4536080 -1.0
2.8645701 -1.0
-1.916029 -1.0
-0.310342 -1.0
2.8305663 -1.0
-2.082794 -1.0
3.0961906 -1.0
0.6487565 -1.0
1.4601074 -1.0
-0.784736 -1.0
-0.548041 -1.0
0.1903424 -1.0
0.5149613 -1.0
-1.875068 -1.0
-2.602529 -1.0
1.5217856 -1.0
-2.775636 -1.0
-1.360372 -1.0
1.9000600 -1.0
0.9747002 -1.0
-0.765534 -1.0
2.4641926 -1.0
2.3074627 -1.0
-0.954867 -1.0
1.2551721 -1.0
2.0868561 -1.0
0.8892439 -1.0
0.7708673 -1.0
2.6890587 -1.0
-1.964241 -1.0
1.4399451 -1.0
1.3384597 -1.0
-1.960568 -1.0
2.7881760 -1.0
1.4140577 -1.0
-2.433505 -1.0
1.8736988 -1.0
-1.382212 -1.0
2.5347130 -1.0
-2.266280 -1.0
-0.630237 -1.0
-0.587378 -1.0
-2.035296 -1.0
-3.031105 -1.0
-1.492726 -1.0
-0.923875 -1.0
-0.548521 -1.0
0.9201014 -1.0
1.9848333 -1.0
-2.543287 -1.0
1.0967806 -1.0
1.8606803 -1.0
2.7465694 -1.0
1.6824581 -1.0
-1.117623 -1.0
2.0137999 -1.0
2.5171368 -1.0
-0.427806 -1.0
-1.812440 -1.0
0.5725253 -1.0
-2.479879 -1.0
0.8204798 -1.0
-1.638250 -1.0
-2.064849 -1.0
-0.024180 -1.0
1.4373141 -1.0
1.5729818 -1.0
0.6911249 -1.0
-2.584535 -1.0
-2.259052 -1.0
-1.750891 -1.0
-0.626987 -1.0
-1.923722 -1.0
-0.249725 -1.0
-0.021399 -1.0
1.6831296 -1.0
-2.341510 -1.0
-1.730577 -1.0
-1.108692 -1.0
0.6211621 -1.0
-0.611541 -1.0
1.3200513 -1.0
2.9551715 -1.0
0.5435094 -1.0
2.3017532 -1.0
-0.228561 -1.0
-1.639956 -1.0
1.8962234 -1.0
2.8564906 -1.0
1.6894773 -1.0
-0.856284 -1.0
-0.281448 -1.0
-1.980052 -1.0
2.6371896 -1.0
-2.538261 -1.0
-2.938688 -1.0
-0.450360 -1.0
2.6440799 -1.0
-2.997040 -1.0
-1.013639 -1.0
-1.707129 -1.0
-2.718830 -1.0
-0.070534 -1.0
-1.307665 -1.0
1.1891288 -1.0
1.5163722 -1.0
2.7079906 -1.0
-1.241775 -1.0
-1.546582 -1.0
-0.926747 -1.0
2.3965678 -1.0
1.8950116 -1.0
-1.637055 -1.0
-2.653285 -1.0
1.5207451 -1.0
1.6166654 -1.0
1.3073413 -1.0
-2.839379 -1.0
1.8252284 -1.0
-1.301998 -1.0
-2.948045 -1.0
-2.894521 -1.0
-2.314146 -1.0
-2.677002 -1.0
-1.700663 -1.0
2.7059748 -1.0
0.8445827 -1.0
1.6809846 -1.0
-3.024881 -1.0
0.1088488 -1.0
-2.247441 -1.0
1.0423430 -1.0
-0.243916 -1.0
-2.963501 -1.0
0.5168985 -1.0
2.4551813 -1.0
-1.715298 -1.0
-1.469857 -1.0
1.9396616 -1.0
-0.510746 -1.0
-2.887008 -1.0
-1.725123 -1.0
-1.986715 -1.0
0.2061023 -1.0
2.0831966 -1.0
-0.350519 -1.0
-0.333533 -1.0
-2.838017 -1.0
1.5313112 -1.0
1.8569715 -1.0
-0.818063 -1.0
-0.690359 -1.0
1.2813400 -1.0
0.4506214 -1.0
0.5977628 -1.0
-0.926057 -1.0
0.3116679 -1.0
-1.558668 -1.0
-0.855492 -1.0
1.1326890 -1.0
-0.705196 -1.0
0.0211066 -1.0
-2.406485 -1.0
-2.170854 -1.0
-2.173512 -1.0
1.9462728 -1.0
1.0409133 -1.0
-0.281316 -1.0
-0.242140 -1.0
0.8844218 -1.0
0.5469123 -1.0
3.0609605 -1.0
0.7768398 -1.0
1.6040637 -1.0
-2.724485 -1.0
0.0813062 -1.0
3.0209779 -1.0
1.1611318 -1.0
-0.201104 -1.0
-0.130474 -1.0
-2.628575 -1.0
0.9700488 -1.0
2.1286118 -1.0
2.5071132 -1.0
-0.163292 -1.0
0.6035483 -1.0
-1.585674 -1.0
-0.658811 -1.0
2.5626771 -1.0
2.5452022 -1.0
0.7590620 -1.0
0.5245652 -1.0
2.2086985 -1.0
-1.095141 -1.0
1.7094701 -1.0
-0.105135 -1.0
0.2194148 -1.0
-2.662910 -1.0
2.2513666 -1.0
1.8643323 -1.0
2.1252181 -1.0
0.1164736 -1.0
-1.074404 -1.0
2.9997077 -1.0
0.9549146 -1.0
-1.354058 -1.0
0.2211292 -1.0
-2.074737 -1.0
-2.660622 -1.0
-2.094068 -1.0
1.0897752 -1.0
-0.110219 -1.0
0.7184119 -1.0
-1.810626 -1.0
-0.681008 -1.0
1.4474245 -1.0
-1.707111 -1.0
0.3442592 -1.0
1.9375838 -1.0
-1.512019 -1.0
2.6193306 -1.0
-2.878576 -1.0
-1.627547 -1.0
-1.657266 -1.0
-0.676548 -1.0
-0.471531 -1.0
-2.375042 -1.0
0.6551532 -1.0
0.8263821 -1.0
1.1185036 -1.0
0.4405127 -1.0
-2.480762 -1.0
-0.731242 -1.0
0.0422765 -1.0
1.2279150 -1.0
-2.548491 -1.0
-0.054976 -1.0
0.7201460 -1.0
0.4436385 -1.0
1.9038606 -1.0
2.4596760 -1.0
-2.240895 -1.0
-1.168824 -1.0
-0.608672 -1.0
-1.441871 -1.0
-1.618051 -1.0
0.5973496 -1.0
-2.030423 -1.0
2.2803201 -1.0
-2.087187 -1.0
0.5585379 -1.0
-3.093953 -1.0
0.7097532 -1.0
-2.935004 -1.0
-2.565274 -1.0
0.9874172 -1.0
1.9101530 -1.0
-0.894618 -1.0
-2.524821 -1.0
2.3224904 -1.0
-0.220148 -1.0
-0.622344 -1.0
-1.018450 -1.0
-0.160767 -1.0
1.5998885 -1.0
-1.044420 -1.0
2.6755983 -1.0
-0.016105 -1.0
-0.429600 -1.0
-0.775849 -1.0
-0.810158 -1.0
-0.193281 -1.0
0.9046883 -1.0
0.7262048 -1.0
2.6260576 -1.0
2.5778476 -1.0
3.0435404 -1.0
1.9528543 -1.0
-2.289290 -1.0
-2.615329 -1.0
-2.683491 -1.0
3.0943408 -1.0
0.7761605 -1.0
-0.911123 -1.0
-3.073013 -1.0
1.2493877 -1.0
0.7589226 -1.0
3.0343902 -1.0
-0.017878 -1.0
-0.614643 -1.0
2.4938588 -1.0
2.8773107 -1.0
-1.088529 -1.0
0.7178090 -1.0
0.2538076 -1.0
1.3170925 -1.0
-1.263991 -1.0
-1.993825 -1.0
2.4620978 -1.0
-2.455707 -1.0
-2.691161 -1.0
1.6984881 -1.0
1.2171757 -1.0
2.0956618 -1.0
-0.489272 -1.0
-2.106835 -1.0
-0.646286 -1.0
-1.018360 -1.0
-0.783248 -1.0
2.4169786 -1.0
2.6105339 -1.0
1.6221301 -1.0
2.3922188 -1.0
-2.386435 -1.0
1.5793517 -1.0
-1.495170 -1.0
-0.309036 -1.0
-2.295942 -1.0
-1.331706 -1.0
2.8180000 -1.0
-2.260648 -1.0
1.8566769 -1.0
-2.088123 -1.0
-3.125784 -1.0
-0.524005 -1.0
-1.494059 -1.0
-0.243059 -1.0
2.0056207 -1.0
1.3535027 -1.0
2.8909010 -1.0
-3.028402 -1.0
-2.310930 -1.0
2.7567889 -1.0
-1.432385 -1.0
2.0151534 -1.0
-1.737138 -1.0
0.7610445 -1.0
-1.058953 -1.0
3.0409207 -1.0
-1.594859 -1.0
-2.555543 -1.0
1.4134637 -1.0
1.8019159 -1.0
1.0993768 -1.0
-2.562580 -1.0
-1.017074 -1.0
-0.308801 -1.0
-2.985750 -1.0
-2.669661 -1.0
2.0886271 -1.0
2.2228787 -1.0
-1.684655 -1.0
2.3133631 -1.0
-2.339589 -1.0
2.7989976 -1.0
-2.305413 -1.0
2.3443534 -1.0
-1.692707 -1.0
1.9739537 -1.0
-2.799501 -1.0
2.2598364 -1.0
-0.432672 -1.0
2.6721181 -1.0
0.5122410 -1.0
2.9327511 -1.0
-1.742570 -1.0
3.0442028 -1.0
1.3254792 -1.0
0.8681032 -1.0
1.0411695 -1.0
-2.547928 -1.0
1.3455913 -1.0
-0.692390 -1.0
2.8819365 -1.0
-2.578486 -1.0
-2.695289 -1.0
1.9433655 -1.0
1.7215467 -1.0
0.3978976 -1.0
-2.321245 -1.0
2.2110583 -1.0
0.4522634 -1.0
2.7639775 -1.0
1.7847071 -1.0
-1.461302 -1.0
1.2420104 -1.0
-1.679943 -1.0
1.3925523 -1.0
2.7225444 -1.0
-2.496790 -1.0
-3.077437 -1.0
1.5824354 -1.0
-2.759252 -1.0
-2.020835 -1.0
-1.995166 -1.0
-2.458405 -1.0
-0.166985 -1.0
2.8677463 -1.0
-1.709906 -1.0
0.5457245 -1.0
2.3812012 -1.0
0.0091878 -1.0
1.8705054 -1.0
1.1952376 -1.0
-1.448664 -1.0
0.5040969 -1.0
-1.439723 -1.0
2.8453877 -1.0
-3.121541 -1.0
0.9568714 -1.0
1.8740023 -1.0
-1.492848 -1.0
-2.522610 -1.0
0.6427741 -1.0
1.4193407 -1.0
-1.408941 -1.0
-1.560735 -1.0
0.1990657 -1.0
-2.950158 -1.0
-1.486427 -1.0
-2.799617 -1.0
-1.232584 -1.0
-1.687611 -1.0
2.6116015 -1.0
-0.139644 -1.0
-0.612518 -1.0
0.2793531 -1.0
3.0418922 -1.0
-1.795932 -1.0
2.4349780 -1.0
-2.397329 -1.0
0.0787974 -1.0
-2.499356 -1.0
1.3399291 -1.0
-1.982761 -1.0
0.3459157 -1.0
-2.641332 -1.0
-0.330121 -1.0
-2.092309 -1.0
1.5964659 -1.0
-1.394931 -1.0
-3.034001 -1.0
-2.755735 -1.0
2.9349799 -1.0
-0.419961 -1.0
-1.950047 -1.0
-1.350837 -1.0
-1.986621 -1.0
2.4132509 -1.0
0.9278777 -1.0
0.9511724 -1.0
-0.851067 -1.0
-1.653535 -1.0
2.5322637 -1.0
-0.360752 -1.0
2.9064219 -1.0
-0.697521 -1.0
-1.631307 -1.0
-2.476959 -1.0
2.9887974 -1.0
3.0261557 -1.0
-0.329456 -1.0
-0.877795 -1.0
-0.628748 -1.0
-0.385238 -1.0
-2.192191 -1.0
-2.419002 -1.0
0.3243050 -1.0
-1.681047 -1.0
2.2787568 -1.0
-2.604744 -1.0
0.2075339 -1.0
0.0832207 -1.0
1.6155470 -1.0
2.5900473 -1.0
2.3551636 -1.0
-0.329943 -1.0
2.9611039 -1.0
-1.932305 -1.0
1.9441699 -1.0
0.2818031 -1.0
0.4793225 -1.0
-0.914200 -1.0
1.8022176 -1.0
1.1798140 -1.0
3.0393440 -1.0
-0.858275 -1.0
-0.307137 -1.0
2.7956636 -1.0
0.8289661 -1.0
-2.523238 -1.0
0.6426277 -1.0
-2.653627 -1.0
1.5614076 -1.0
-1.362217 -1.0
2.7613279 -1.0
-1.551866 -1.0
-2.550925 -1.0
-1.165811 -1.0
-2.845317 -1.0
2.3804490 -1.0
2.8494093 -1.0
0.4117282 -1.0
2.3418276 -1.0
2.1120622 -1.0
1.1993211 -1.0
-1.493172 -1.0
0.5928894 -1.0
-3.054105 -1.0
-2.436942 -1.0
2.4995114 -1.0
-2.349628 -1.0
0.1710189 -1.0
-0.633925 -1.0
-1.261550 -1.0
0.2983777 -1.0
-3.124075 -1.0
1.8457171 -1.0
-1.601454 -1.0
1.0654295 -1.0
0.2894550 -1.0
1.3900798 -1.0
-0.795873 -1.0
-0.347197 -1.0
0.1907646 -1.0
-0.557180 -1.0
1.0668105 -1.0
-1.374914 -1.0
-1.388002 -1.0
1.0992972 -1.0
1.2917270 -1.0
1.6326967 -1.0
2.6948669 -1.0
2.3024029 -1.0
-0.454679 -1.0
-2.883198 -1.0
-2.973198 -1.0
-0.131250 -1.0
-1.576974 -1.0
1.9567516 -1.0
1.1264375 -1.0
-1.915843 -1.0
-0.443064 -1.0
-2.506783 -1.0
-1.090559 -1.0
2.3808753 -1.0
-2.003992 -1.0
2.0654170 -1.0
-1.201100 -1.0
-2.312645 -1.0
2.7681715 -1.0
1.8372299 -1.0
1.3619728 -1.0
1.3718454 -1.0
-1.213521 -1.0
-1.523310 -1.0
0.0016793 -1.0
0.1664609 -1.0
2.7378387 -1.0
-1.278252 -1.0
-2.968006 -1.0
-1.328424 -1.0
-3.071621 -1.0
1.3270363 -1.0
1.5005371 -1.0
1.1746455 -1.0
-0.994788 -1.0
1.5693935 -1.0
0.9238490 -1.0
1.0384505 -1.0
-1.127485 -1.0
2.3275678 -1.0
-0.360497 -1.0
2.6175150 -1.0
-0.498715 -1.0
2.9023845 -1.0
-0.176265 -1.0
0.3967178 -1.0
1.8484777 -1.0
-0.634839 -1.0
-0.809653 -1.0
-1.041752 -1.0
-3.066389 -1.0
1.1640547 -1.0
-0.493184 -1.0
2.7319810 -1.0
-2.120104 -1.0
1.7855124 -1.0
-0.750414 -1.0
-2.058350 -1.0
2.0799963 -1.0
0.5836907 -1.0
-0.221044 -1.0
0.6362113 -1.0
2.1707632 -1.0
2.1665746 -1.0
0.3941442 -1.0
2.2907886 -1.0
1.6227890 -1.0
0.4717555 -1.0
2.1813137 -1.0
2.4679343 -1.0
-1.333150 -1.0
-3.111091 -1.0
1.4930220 -1.0
1.7721494 -1.0
-2.730673 -1.0
2.4328682 -1.0
1.0363192 -1.0
0.7730700 -1.0
1.4940228 -1.0
1.8329087 -1.0
1.1684407 -1.0
-0.235932 -1.0
0.0267463 -1.0
-0.583292 -1.0
0.4264672 -1.0
-2.157010 -1.0
0.4578846 -1.0
-0.960105 -1.0
-0.934284 -1.0
2.6090438 -1.0
2.5638661 -1.0
-3.113185 -1.0
1.2090477 -1.0
-0.683639 -1.0
-1.726715 -1.0
2.0081996 -1.0
1.5891790 -1.0
2.5816679 -1.0
3.1014516 -1.0
-0.545917 -1.0
0.1829833 -1.0
0.1164299 -1.0
-0.203219 -1.0
2.0409290 -1.0
-0.544006 -1.0
-2.896154 -1.0
0.0428149 -1.0
1.2017655 -1.0
0.3687915 -1.0
1.8178031 -1.0
-0.708414 -1.0
2.2497556 -1.0
-0.965581 -1.0
-2.887734 -1.0
-2.935144 -1.0
-1.744034 -1.0
1.9492680 -1.0
1.2827808 -1.0
-1.040970 -1.0
1.5840662 -1.0
2.9329109 -1.0
1.0721708 -1.0
1.3095176 -1.0
2.1634123 -1.0
-2.744559 -1.0
2.9212703 -1.0
-0.206465 -1.0
2.8984673 -1.0
1.6721748 -1.0
-0.894270 -1.0
0.6043447 -1.0
-0.142822 -1.0
1.6398634 -1.0
0.6224113 -1.0
-2.223028 -1.0
1.5439802 -1.0
1.0677081 -1.0
-2.046703 -1.0
1.0969715 -1.0
-2.768472 -1.0
-1.180771 -1.0
 1.484092 -1.0
-1.281024 -1.0
1.5967088 -1.0
-0.241018 -1.0
3.0635082 -1.0
-2.037114 -1.0
2.9650375 -1.0
0.1118517 -1.0
-0.877145 -1.0
-1.169982 -1.0
2.4748454 -1.0
-0.654842 -1.0
-2.476902 -1.0
-0.048189 -1.0
-1.101050 -1.0
-0.729591 -1.0
0.1088807 -1.0
2.9044571 -1.0
-2.082368 -1.0
0.8609699 -1.0
0.0934846 -1.0
-0.193589 -1.0
-1.926220 -1.0
-2.290531 -1.0
-2.472052 -1.0
2.2293825 -1.0
0.8832240 -1.0
-2.856184 -1.0
-1.800703 -1.0
0.8396833 -1.0
-0.277924 -1.0
0.7802512 -1.0
0.6480446 -1.0
2.5857927 -1.0
1.6706260 -1.0
-0.937750 -1.0
0.1368224 -1.0
-0.040568 -1.0
1.8102932 -1.0
1.9764031 -1.0
3.0380461 -1.0
1.9984326 -1.0
3.0947127 -1.0
-1.739361 -1.0
-1.846625 -1.0
0.5902503 -1.0
0.9789486 -1.0
2.2066302 -1.0
2.4663765 -1.0
-1.042209 -1.0
2.7673449 -1.0
3.0426006 -1.0
-3.015140 -1.0
-0.068503 -1.0
-3.108872 -1.0
-2.779921 -1.0
0.9148927 -1.0
-0.282693 -1.0
0.9443354 -1.0
0.7085428 -1.0
-2.582098 -1.0
-1.399515 -1.0
1.1920855 -1.0
-2.287764 -1.0
-1.388351 -1.0
0.2202306 -1.0
-1.013532 -1.0
-3.008987 -1.0
-0.570871 -1.0
-1.759223 -1.0
2.3756032 -1.0
0.7748173 -1.0
1.3480842 -1.0
-1.567075 -1.0
1.4589389 -1.0
2.8002154 -1.0
1.8906101 -1.0
-0.035848 -1.0
-1.563154 -1.0
2.4209134 -1.0
-1.012252 -1.0
-2.779648 -1.0
-2.456284 -1.0
1.5011527 -1.0
2.3926002 -1.0
-0.453780 -1.0
2.9922230 -1.0
-1.645041 -1.0
-2.986077 -1.0
1.7327604 -1.0
-0.157578 -1.0
-2.396223 -1.0
-3.110052 -1.0
-2.668707 -1.0
 1.078014 -1.0
0.4296251 -1.0
1.2090612 -1.0
-1.084170 -1.0
-0.367985 -1.0
2.1088263 -1.0
-0.822915 -1.0
2.5691478 -1.0
2.0249736 -1.0
3.0407791 -1.0
0.5004144 -1.0
1.5032114 -1.0
2.6370642 -1.0
-3.024124 -1.0
-2.300124 -1.0
1.8810817 -1.0
1.2560306 -1.0
0.7154933 -1.0
-0.711459 -1.0
-1.519111 -1.0
0.4323275 -1.0
-1.528740 -1.0
0.0620872 -1.0
0.9042105 -1.0
-0.201760 -1.0
-2.974997 -1.0
-2.512588 -1.0
0.8034853 -1.0
-0.504409 -1.0
-1.677339 -1.0
-2.230096 -1.0
2.4931266 -1.0
0.9468694 -1.0
0.2735299 -1.0
3.0150861 -1.0
-2.659482 -1.0
-3.079257 -1.0
2.1878330 -1.0
-2.940897 -1.0
2.1894728 -1.0
-1.258533 -1.0
1.2367008 -1.0
-2.841904 -1.0
1.8199470 -1.0
1.7705200 -1.0
1.8986402 -1.0
0.0709885 -1.0
2.9372539 -1.0
-0.886961 -1.0
-2.135145 -1.0
-2.648204 -1.0
-2.665902 -1.0
-0.209218 -1.0
-2.809672 -1.0
2.2266147 -1.0
-2.458615 -1.0
-1.458587 -1.0
0.6228813 -1.0
0.1694084 -1.0
2.7943546 -1.0
-1.239419 -1.0
1.8697384 -1.0
-1.376874 -1.0
0.1296697 -1.0
2.9340984 -1.0
-0.169738 -1.0
-1.631137 -1.0
-0.295512 -1.0
0.8745338 -1.0
-0.756298 -1.0
-0.215211 -1.0
1.7560130 -1.0
-1.884399 -1.0
0.1355418 -1.0
1.1509501 -1.0
-0.155685 -1.0
-0.322810 -1.0
0.4648069 -1.0
-1.593832 -1.0
3.0627431 -1.0
1.1523222 -1.0
-0.610308 -1.0
-1.965850 -1.0
-2.568860 -1.0
-0.191428 -1.0
0.8665995 -1.0
2.0660689 -1.0
0.9899156 -1.0
1.3932015 -1.0
0.6663615 -1.0
-2.383321 -1.0
-2.938477 -1.0
-2.194015 -1.0
1.3940103 -1.0
-0.713307 -1.0
-1.198942 -1.0
-1.525888 -1.0
-1.316200 -1.0
-0.269510 -1.0
3.0381944 -1.0
0.3404077 -1.0
-1.332266 -1.0
-0.296773 -1.0
2.6531658 -1.0
-1.904701 -1.0
-2.429428 -1.0
0.3373419 -1.0
0.0638686 -1.0
-3.097799 -1.0
0.7835415 -1.0
-2.076205 -1.0
-2.075633 -1.0
-2.491849 -1.0
-1.467120 -1.0
-1.194834 -1.0
0.5559244 -1.0
-0.200253 -1.0
-0.644270 -1.0
-2.686748 -1.0
2.8397688 -1.0
-0.869754 -1.0
1.9725156 -1.0
-1.429322 -1.0
-0.099745 -1.0
-0.804019 -1.0
0.0083446 -1.0
-1.358068 -1.0
1.6903025 -1.0
1.9527434 -1.0
2.8582873 -1.0
-1.677852 -1.0
-1.250038 -1.0
-0.333323 -1.0
-2.385031 -1.0
2.9921662 -1.0
-2.830867 -1.0
-1.591465 -1.0
0.7809828 -1.0
2.8710053 -1.0
-0.636120 -1.0
1.1046398 -1.0
2.2896137 -1.0
-0.138818 -1.0
-0.314538 -1.0
1.0509011 -1.0
-2.392427 -1.0
1.0183433 -1.0
-2.379260 -1.0
-2.051758 -1.0
-0.990660 -1.0
-0.721751 -1.0
-2.006311 -1.0
-2.296825 -1.0
0.6661611 -1.0
2.9552729 -1.0
-1.575949 -1.0
0.5792916 -1.0
2.3784768 -1.0
-2.256690 -1.0
-0.475283 -1.0
0.5177294 -1.0
0.5239871 -1.0
-2.083422 -1.0
1.2340145 -1.0
-1.682399 -1.0
0.6752038 -1.0
-0.250875 -1.0
-0.878257 -1.0
0.0478174 -1.0
1.1313959 -1.0
1.1667946 -1.0
-1.790612 -1.0
0.8143573 -1.0
-0.396350 -1.0
3.0199966 -1.0
-2.835402 -1.0
-2.260581 -1.0
-2.119409 -1.0
2.9163682 -1.0
2.0874488 -1.0
-2.740212 -1.0
0.6860281 -1.0
0.3192484 -1.0
-2.088809 -1.0
1.7554541 -1.0
-2.228684 -1.0
2.7368335 -1.0
1.8646899 -1.0
-2.659547 -1.0
3.0607547 -1.0
1.2438585 -1.0
1.8488516 -1.0
2.1157047 -1.0
3.1345024 -1.0
-0.994295 -1.0
0.9865820 -1.0
-0.232710 -1.0
-2.254028 -1.0
-0.927151 -1.0
-2.280598 -1.0
2.2206527 -1.0
-0.430183 -1.0
1.7590378 -1.0
-2.438369 -1.0
1.4120608 -1.0
1.6099375 -1.0
-0.551307 -1.0
1.6465307 -1.0
2.6523456 -1.0
0.3625081 -1.0
0.8633812 -1.0
2.2571413 -1.0
2.9874975 -1.0
0.5300545 -1.0
1.5520842 -1.0
0.5092567 -1.0
-0.033072 -1.0
3.1013894 -1.0
-2.938613 -1.0
-2.573556 -1.0
-1.596513 -1.0
-0.723091 -1.0
-1.299647 -1.0
1.9349183 -1.0
2.6988446 -1.0
-2.996694 -1.0
-2.662272 -1.0
0.0026234 -1.0
-1.436856 -1.0
-2.892771 -1.0
-0.003847 -1.0
1.2250276 -1.0
1.7989530 -1.0
-2.139334 -1.0
1.4372438 -1.0
-2.179407 -1.0
-1.967453 -1.0
-1.025979 -1.0
0.9702863 -1.0
0.3929561 -1.0
2.9647045 -1.0
-2.456341 -1.0
-1.553505 -1.0
1.3699910 -1.0
-2.972011 -1.0
2.0549333 -1.0
3.0954828 -1.0
-2.815949 -1.0
-0.371465 -1.0
1.7194536 -1.0
-1.012196 -1.0
-0.150210 -1.0
0.9896091 -1.0
-0.394670 -1.0
-3.040689 -1.0
2.8218791 -1.0
0.7521005 -1.0
0.6389054 -1.0
-2.265990 -1.0
-3.126307 -1.0
2.1809306 -1.0
1.5305208 -1.0
-1.679216 -1.0
-1.926894 -1.0
2.6164743 -1.0
0.1635896 -1.0
-1.301476 -1.0
-1.081785 -1.0
1.1812051 -1.0
0.3969855 -1.0
0.6387974 -1.0
0.3782817 -1.0
-1.659207 -1.0
-1.034892 -1.0
-1.564233 -1.0
2.9563317 -1.0
-2.939919 -1.0
2.9796175 -1.0
-1.574274 -1.0
0.3954619 -1.0
0.0789695 -1.0
-2.680709 -1.0
0.3899947 -1.0
2.4063134 -1.0
-1.258173 -1.0
0.0820347 -1.0
-0.455387 -1.0
-0.567106 -1.0
-0.104366 -1.0
-0.506617 -1.0
-1.431363 -1.0
-0.882703 -1.0
-2.859843 -1.0
1.9677201 -1.0
-2.550231 -1.0
2.3970963 -1.0
1.4084574 -1.0
2.2653410 -1.0
-2.779462 -1.0
0.2011379 -1.0
-2.844485 -1.0
-0.999313 -1.0
-2.952101 -1.0
1.6482207 -1.0
-0.568613 -1.0
2.7116482 -1.0
0.3762096 -1.0
1.1923445 -1.0
0.1456540 -1.0
-3.075435 -1.0
2.7045395 -1.0
0.1982079 -1.0
0.7342407 -1.0
-0.227330 -1.0
-0.627745 -1.0
-0.090347 -1.0
2.6803870 -1.0
1.4850574 -1.0
-0.497676 -1.0
1.3805891 -1.0
1.2469067 -1.0
0.3941740 -1.0
-0.918156 -1.0
-2.236891 -1.0
2.9324805 -1.0
-2.640398 -1.0
0.2140997 -1.0
0.7700605 -1.0
2.6064762 -1.0
-2.939122 -1.0
-0.010385 -1.0
1.5792429 -1.0
2.0498723 -1.0
-2.084343 -1.0
1.9358513 -1.0
-2.225605 -1.0
2.3445723 -1.0
0.0366755 -1.0
-3.024845 -1.0
2.0608439 -1.0
-2.773815 -1.0
-1.457104 -1.0
0.8806930 -1.0
3.0637571 -1.0
2.5364928 -1.0
-0.839980 -1.0
-1.669463 -1.0
0.3608232 -1.0
1.7330706 -1.0
2.4340603 -1.0
0.3718657 -1.0
-0.113802 -1.0
0.4089204 -1.0
2.7177281 -1.0
1.9274771 -1.0
2.3633566 -1.0
1.5365881 -1.0
2.4338338 -1.0
0.7746341 -1.0
-0.821915 -1.0
0.8348606 -1.0
-0.486143 -1.0
2.3958368 -1.0
-2.729195 -1.0
1.1325671 -1.0
0.8368615 -1.0
1.3887854 -1.0
0.4541826 -1.0
-2.085691 -1.0
3.0627000 -1.0
1.4239840 -1.0
-1.079036 -1.0
2.5450225 -1.0
-2.641981 -1.0
1.0689189 -1.0
2.7579631 -1.0
2.7097303 -1.0
-1.916787 -1.0
-1.577669 -1.0
3.1171841 -1.0
0.4103479 -1.0
0.6896356 -1.0
-0.910003 -1.0
-1.732426 -1.0
0.8614397 -1.0
-2.452834 -1.0
2.9529790 -1.0
-1.855685 -1.0
1.9415152 -1.0
1.8433562 -1.0
-1.444203 -1.0
1.0648789 -1.0
0.1584143 -1.0
-2.048133 -1.0
2.5616975 -1.0
0.9579081 -1.0
2.2157562 -1.0
3.0494525 -1.0
-0.706710 -1.0
2.1402425 -1.0
-1.826098 -1.0
-2.851514 -1.0
-2.809862 -1.0
-2.495504 -1.0
-0.106454 -1.0
1.2876486 -1.0
0.4279547 -1.0
1.0861399 -1.0
-0.016716 -1.0
-0.414052 -1.0
0.6912977 -1.0
-1.066142 -1.0
2.0752942 -1.0
-2.869921 -1.0
-1.165928 -1.0
-1.191888 -1.0
0.1622740 -1.0
-2.312958 -1.0
-3.100380 -1.0
-1.329893 -1.0
 2.964355 -1.0
1.8390116 -1.0
0.3579560 -1.0
-0.662368 -1.0
1.3170636 -1.0
-1.446548 -1.0
0.0088036 -1.0
-0.454853 -1.0
2.6526162 -1.0
-2.526836 -1.0
-0.980082 -1.0
0.3460536 -1.0
-1.228048 -1.0
-0.153743 -1.0
-0.243344 -1.0
1.4378460 -1.0
-2.310188 -1.0
-1.465278 -1.0
1.2638103 -1.0
0.2046328 -1.0
0.3349426 -1.0
-2.615866 -1.0
0.8561900 -1.0
0.3445928 -1.0
-1.561985 -1.0
1.6069356 -1.0
-3.062008 -1.0
0.6563561 -1.0
0.5542141 -1.0
1.1616119 -1.0
-0.153329 -1.0
-2.011985 -1.0
-0.920969 -1.0
1.7864232 -1.0
-2.203391 -1.0
2.6668605 -1.0
0.6640656 -1.0
-3.096788 -1.0
1.9533301 -1.0
1.8777669 -1.0
-2.095383 -1.0
-1.714662 -1.0
1.3903244 -1.0
-1.993405 -1.0
0.4113810 -1.0
2.3386976 -1.0
-2.051469 -1.0
2.7607407 -1.0
0.5806105 -1.0
0.3744665 -1.0
2.4388119 -1.0
-2.856352 -1.0
-2.692783 -1.0
2.3614859 -1.0
0.9798744 -1.0
0.5011754 -1.0
-2.754842 -1.0
1.0577722 -1.0
-0.251030 -1.0
2.8567190 -1.0
-2.345580 -1.0
0.6600305 -1.0
1.8535394 -1.0
0.3031345 -1.0
-2.772804 -1.0
-0.996735 -1.0
2.6932754 -1.0
-0.037983 -1.0
-1.209241 -1.0
2.2657585 -1.0
1.2417355 -1.0
-2.134441 -1.0
-2.428297 -1.0
-0.481490 -1.0
1.9772998 -1.0
-1.028515 -1.0
0.8429446 -1.0
2.3947379 -1.0
-2.761011 -1.0
-1.827485 -1.0
-1.157575 -1.0
1.1019358 -1.0
-2.912556 -1.0
2.1412870 -1.0
0.1519627 -1.0
0.0606127 -1.0
0.0344355 -1.0
-2.677649 -1.0
-2.144310 -1.0
2.2111341 -1.0
2.2465396 -1.0
0.7245518 -1.0
1.5781565 -1.0
-0.969146 -1.0
-2.491483 -1.0
-0.585533 -1.0
-2.360647 -1.0
1.2912688 -1.0
-1.597829 -1.0
2.6665472 -1.0
2.4997341 -1.0
-2.346128 -1.0
1.4752937 -1.0
2.2455189 -1.0
-1.915351 -1.0
-1.132432 -1.0
2.8546915 -1.0
-0.628731 -1.0
-1.137216 -1.0
1.5677143 -1.0
-2.531241 -1.0
-2.500416 -1.0
1.7581132 -1.0
2.8029839 -1.0
2.9025182 -1.0
-2.656319 -1.0
0.3277556 -1.0
2.1715786 -1.0
1.9791442 -1.0
2.4067351 -1.0
-2.819532 -1.0
2.7928888 -1.0
-2.310351 -1.0
3.0688164 -1.0
0.6023197 -1.0
2.4456305 -1.0
2.2886984 -1.0
-0.220786 -1.0
0.3783540 -1.0
0.4696363 -1.0
0.9966991 -1.0
-2.781163 -1.0
2.6490333 -1.0
0.5900297 -1.0
-2.148135 -1.0
1.5905302 -1.0
-0.936649 -1.0
0.2956597 -1.0
1.5003804 -1.0
0.1457092 -1.0
-1.152602 -1.0
2.2526182 -1.0
1.8796689 -1.0
-1.411669 -1.0
-2.718212 -1.0
2.8384797 -1.0
-1.686722 -1.0
1.1769828 -1.0
1.7856224 -1.0
2.3023615 -1.0
0.0433245 -1.0
-1.584797 -1.0
-1.252034 -1.0
2.9127292 -1.0
-2.830819 -1.0
-1.675316 -1.0
1.8837687 -1.0
-1.042702 -1.0
2.2112371 -1.0
0.7604089 -1.0
-2.302580 -1.0
 1.453228 -1.0
1.6751272 -1.0
0.2330086 -1.0
-0.488161 -1.0
1.7457342 -1.0
-0.011513 -1.0
-0.071188 -1.0
-1.636212 -1.0
2.4580545 -1.0
3.1200256 -1.0
1.1215964 -1.0
2.5146023 -1.0
0.9556595 -1.0
1.8292843 -1.0
-0.734380 -1.0
-1.151217 -1.0
-0.174567 -1.0
-2.612938 -1.0
-1.889207 -1.0
-1.884494 -1.0
0.3323191 -1.0
1.0746116 -1.0
-0.466593 -1.0
-1.634575 -1.0
1.9637723 -1.0
-1.300736 -1.0
0.8107201 -1.0
2.3537922 -1.0
0.6217436 -1.0
-1.461909 -1.0
0.3943600 -1.0
-0.873328 -1.0
-0.057546 -1.0
-2.236868 -1.0
1.9376349 -1.0
1.8093339 -1.0
1.8459069 -1.0
-1.777990 -1.0
-0.329314 -1.0
-2.865229 -1.0
-0.927707 -1.0
1.4135500 -1.0
1.9524758 -1.0
-3.017231 -1.0
-2.794594 -1.0
-2.140459 -1.0
-1.785555 -1.0
-1.264387 -1.0
-1.641550 -1.0
1.6911189 -1.0
0.8479246 -1.0
-1.039090 -1.0
-2.324729 -1.0
0.9245154 -1.0
2.4915855 -1.0
-2.924664 -1.0
1.4395587 -1.0
2.3795964 -1.0
1.7919884 -1.0
-2.445347 -1.0
-0.924666 -1.0
2.1850886 -1.0
-0.864053 -1.0
-2.628072 -1.0
-0.202379 -1.0
-2.373531 -1.0
-2.358642 -1.0
-2.023982 -1.0
-0.622468 -1.0
-0.070783 -1.0
3.0331900 -1.0
1.6775040 -1.0
-1.882087 -1.0
3.1404149 -1.0
0.5775928 -1.0
  1.31952 -1.0
-1.685852 -1.0
-1.779869 -1.0
-2.995098 -1.0
-0.947655 -1.0
-1.148362 -1.0
1.7079938 -1.0
0.5801313 -1.0
-0.468190 -1.0
-2.396795 -1.0
-1.114273 -1.0
1.5534606 -1.0
0.0278563 -1.0
-1.384207 -1.0
1.2875449 -1.0
-2.662819 -1.0
2.1265280 -1.0
-2.662573 -1.0
0.0996650 -1.0
1.6254783 -1.0
-1.617587 -1.0
-0.828983 -1.0
-0.473544 -1.0
1.5250886 -1.0
1.0640063 -1.0
2.2173485 -1.0
1.4086179 -1.0
-0.843900 -1.0
1.2147899 -1.0
0.5122609 -1.0
0.9250411 -1.0
-1.887733 -1.0
1.4143648 -1.0
-2.168067 -1.0
1.8676697 -1.0
-0.611101 -1.0
2.4945380 -1.0
1.5001658 -1.0
-0.950616 -1.0
-0.630706 -1.0
-1.403860 -1.0
-1.461855 -1.0
-3.002227 -1.0
-2.751799 -1.0
0.4410851 -1.0
2.3178444 -1.0
2.5067007 -1.0
 2.039351 -1.0
-1.172059 -1.0
-3.108204 -1.0
-1.225506 -1.0
-1.329880 -1.0
1.5260990 -1.0
1.7023576 -1.0
-1.722076 -1.0
-1.523935 -1.0
0.2006939 -1.0
-2.932722 -1.0
-1.401670 -1.0
-2.448348 -1.0
1.1341902 -1.0
0.6244701 -1.0
-2.575448 -1.0
-2.892165 -1.0
-2.458859 -1.0
-0.116848 -1.0
-2.121272 -1.0
1.7545292 -1.0
0.0242735 -1.0
3.0352633 -1.0
1.5299865 -1.0
1.4917019 -1.0
-0.043130 -1.0
-1.337022 -1.0
-2.531654 -1.0
2.7086401 -1.0
1.1517916 -1.0
-0.198288 -1.0
2.6966001 -1.0
0.8551779 -1.0
-0.350853 -1.0
1.3708388 -1.0
-1.527155 -1.0
-3.013844 -1.0
-1.497034 -1.0
-1.699413 -1.0
0.8496400 -1.0
-2.191078 -1.0
-2.881219 -1.0
3.1293115 -1.0
-2.868927 -1.0
-1.341371 -1.0
0.1371013 -1.0
-2.878798 -1.0
-0.353292 -1.0
-2.834615 -1.0
-2.917134 -1.0
-2.778488 -1.0
2.8425581 -1.0
-2.464352 -1.0
0.2570150 -1.0
0.9093728 -1.0
-1.911821 -1.0
0.9361010 -1.0
1.1138084 -1.0
-0.095806 -1.0
-1.954689 -1.0
-0.681380 -1.0
2.6358127 -1.0
1.8502112 -1.0
-1.518421 -1.0
-0.246391 -1.0
-1.024766 -1.0
0.4708765 -1.0
-1.085500 -1.0
-2.986244 -1.0
-3.062302 -1.0
-0.049780 -1.0
0.8114201 -1.0
2.0902550 -1.0
1.1996530 -1.0
-2.150711 -1.0
0.4230696 -1.0
-2.508941 -1.0
 1.856758 -1.0
0.8264716 -1.0
1.3548810 -1.0
2.7108437 -1.0
2.2903454 -1.0
0.2767666 -1.0
-1.083573 -1.0
1.1271221 -1.0
2.9251420 -1.0
2.4468262 -1.0
-0.427998 -1.0
-1.685058 -1.0
-3.064349 -1.0
-1.902335 -1.0
-2.877754 -1.0
2.1743061 -1.0
2.1589822 -1.0
0.3548588 -1.0
-1.251049 -1.0
2.4233155 -1.0
-0.206941 -1.0
2.7024166 -1.0
1.4352426 -1.0
-2.448310 -1.0
0.1328733 -1.0
2.6404533 -1.0
1.2358129 -1.0
1.4097748 -1.0
2.0668537 -1.0
-1.831980 -1.0
1.2546745 -1.0
2.0623064 -1.0
0.7888055 -1.0
0.5824814 -1.0
1.7663542 -1.0
-1.305597 -1.0
-1.495597 -1.0
1.0973193 -1.0
-0.237114 -1.0
-2.471607 -1.0
-1.796276 -1.0
0.2332039 -1.0
-2.786726 -1.0
0.4831004 -1.0
0.1711859 -1.0
-1.043504 -1.0
-1.685996 -1.0
0.0338495 -1.0
-1.286098 -1.0
0.1155903 -1.0
-1.598206 -1.0
1.4416914 -1.0
-1.459410 -1.0
0.7996382 -1.0
2.2692659 -1.0
-3.063441 -1.0
0.2171198 -1.0
-0.852151 -1.0
1.5817806 -1.0
-1.507348 -1.0
0.7411763 -1.0
2.5362339 -1.0
1.3194468 -1.0
-1.499295 -1.0
0.1170969 -1.0
-0.069275 -1.0
0.0334915 -1.0
-3.070212 -1.0
-3.077520 -1.0
-3.118395 -1.0
-2.886984 -1.0
-2.589603 -1.0
0.0959207 -1.0
-2.714565 -1.0
-0.790334 -1.0
0.5425556 -1.0
-1.706237 -1.0
2.9654536 -1.0
-0.696065 -1.0
1.6055334 -1.0
0.8651040 -1.0
0.1397333 -1.0
2.9063189 -1.0
-1.262710 -1.0
2.0533690 -1.0
-0.984893 -1.0
3.0907697 -1.0
-0.861088 -1.0
-0.418705 -1.0
-2.003108 -1.0
-0.715242 -1.0
0.7530325 -1.0
1.8462061 -1.0
-2.025110 -1.0
0.5856979 -1.0
-1.742060 -1.0
-0.648084 -1.0
0.2854180 -1.0
-1.945007 -1.0
-0.278887 -1.0
-0.558645 -1.0
1.3358331 -1.0
2.8355879 -1.0
0.3112506 -1.0
1.6171689 -1.0
-2.735244 -1.0
1.8907079 -1.0
1.3152154 -1.0
1.4218695 -1.0
1.9958747 -1.0
-3.050789 -1.0
-2.103401 -1.0
1.2523569 -1.0
-1.052207 -1.0
3.0572822 -1.0
2.4949340 -1.0
2.1914878 -1.0
1.1693339 -1.0
1.4229004 -1.0
2.6148392 -1.0
0.1693896 -1.0
1.7167013 -1.0
1.5708692 -1.0
1.5696009 -1.0
0.1923221 -1.0
0.9997496 -1.0
-2.669733 -1.0
-2.298632 -1.0
-1.874552 -1.0
2.3141615 -1.0
-0.882704 -1.0
-1.050380 -1.0
1.6303161 -1.0
-1.008500 -1.0
-1.069202 -1.0
0.9061905 -1.0
-1.474235 -1.0
1.1829705 -1.0
2.8913834 -1.0
0.2393485 -1.0
-2.736370 -1.0
-0.838851 -1.0
1.4188584 -1.0
2.0330605 -1.0
2.7067081 -1.0
-0.282165 -1.0
-1.724599 -1.0
0.4056761 -1.0
0.4276844 -1.0
3.0635457 -1.0
-2.188477 -1.0
-1.137738 -1.0
0.8723946 -1.0
-3.064423 -1.0
1.6924247 -1.0
-0.388036 -1.0
1.3950294 -1.0
2.3800296 -1.0
-2.801538 -1.0
-2.924227 -1.0
1.9686915 -1.0
-0.313518 -1.0
2.5318672 -1.0
-2.016700 -1.0
-0.452781 -1.0
-0.421462 -1.0
2.7639978 -1.0
-0.473968 -1.0
0.0852474 -1.0
-1.899279 -1.0
-0.195688 -1.0
1.4929616 -1.0
-1.668115 -1.0
-1.550203 -1.0
0.4654214 -1.0
-0.329832 -1.0
-1.638543 -1.0
2.2264096 -1.0
2.5338469 -1.0
-2.614452 -1.0
-1.771397 -1.0
2.5946302 -1.0
2.7775142 -1.0
2.3381526 -1.0
-2.218646 -1.0
-0.778039 -1.0
-2.711953 -1.0
-2.018056 -1.0
-1.158133 -1.0
1.5516786 -1.0
1.4655579 -1.0
-2.071756 -1.0
-0.477760 -1.0
0.1411209 -1.0
-1.766908 -1.0
-0.666158 -1.0
0.1682358 -1.0
0.1092040 -1.0
0.8269317 -1.0
1.5132969 -1.0
-0.755871 -1.0
-0.802867 -1.0
