-2.119219 -1.0
-2.426838 -1.0
0.1551336 -1.0
0.3517601 -1.0
-1.595141 -1.0
2.0544617 -1.0
2.0367355 -1.0
-1.337280 -1.0
-2.008736 -1.0
-2.747670 -1.0
2.5707058 -1.0
2.1971740 -1.0
1.5343109 -1.0
1.6895693 -1.0
-1.382658 -1.0
-1.564267 -1.0
-0.879751 -1.0
-0.862399 -1.0
2.2418725 -1.0
1.1552715 -1.0
2.3470771 -1.0
1.2356555 -1.0
2.2359533 -1.0
0.1408909 -1.0
0.6141335 -1.0
-1.849072 -1.0
1.1619789 -1.0
-1.626072 -1.0
2.9416825 -1.0
1.3038999 -1.0
2.8486247 -1.0
-1.157853 -1.0
2.7759821 -1.0
-2.206321 -1.0
1.6651626 -1.0
2.3128092 -1.0
0.7791298 -1.0
1.3865017 -1.0
-1.574610 -1.0
-1.289186 -1.0
1.2225341 -1.0
1.5328075 -1.0
-1.180956 -1.0
-0.875382 -1.0
2.9310877 -1.0
-1.149572 -1.0
2.6140201 -1.0
2.5318338 -1.0
-1.430599 -1.0
1.9929356 -1.0
-1.935849 -1.0
-1.428853 -1.0
2.3056969 -1.0
-2.284447 -1.0
1.5996774 -1.0
1.6424079 -1.0
-0.918530 -1.0
1.7947944 -1.0
2.5064890 -1.0
-1.472439 -1.0
-1.566040 -1.0
-1.456265 -1.0
1.3345168 -1.0
-2.176179 -1.0
2.7315664 -1.0
1.6476761 -1.0
1.3711626 -1.0
0.6192754 -1.0
-3.022200 -1.0
-2.010058 -1.0
-1.578416 -1.0
-1.639307 -1.0
-2.391005 -1.0
1.5313016 -1.0
-1.827403 -1.0
3.0284447 -1.0
-1.616019 -1.0
1.2822568 -1.0
-0.837673 -1.0
-2.341527 -1.0
2.8890867 -1.0
-2.522724 -1.0
1.3100049 -1.0
0.6603205 -1.0
0.8313429 -1.0
1.5441052 -1.0
1.2312111 -1.0
-1.653105 -1.0
1.7416765 -1.0
-2.194425 -1.0
1.0714410 -1.0
1.6830939 -1.0
-2.296802 -1.0
-1.732562 -1.0
-1.552654 -1.0
-0.572475 -1.0
-2.284459 -1.0
-1.704104 -1.0
2.5459353 -1.0
-1.959802 -1.0
1.1818103 -1.0
-1.557342 -1.0
1.0394238 -1.0
-0.668332 -1.0
0.9774984 -1.0
-2.364520 -1.0
1.9486786 -1.0
-2.215392 -1.0
-1.615395 -1.0
-2.275105 -1.0
1.2368828 -1.0
-1.650678 -1.0
-2.511769 -1.0
1.9634495 -1.0
-1.847271 -1.0
-1.999543 -1.0
-1.943724 -1.0
1.3995723 -1.0
-0.217958 -1.0
0.7795382 -1.0
1.0444914 -1.0
2.3275580 -1.0
-1.726206 -1.0
-2.014668 -1.0
-3.014282 -1.0
1.0483191 -1.0
-0.670721 -1.0
0.1564752 -1.0
1.8089549 -1.0
1.5154659 -1.0
2.2454230 -1.0
-0.833804 -1.0
1.8302628 -1.0
2.5122368 -1.0
-1.369270 -1.0
-0.997686 -1.0
2.7645850 -1.0
1.3586143 -1.0
-1.708606 -1.0
-1.933864 -1.0
-1.264075 -1.0
-1.882260 -1.0
2.9693825 -1.0
1.5297254 -1.0
0.1241762 -1.0
-1.477126 -1.0
-2.187029 -1.0
1.8526745 -1.0
0.4873113 -1.0
-1.233476 -1.0
2.9268584 -1.0
-1.878479 -1.0
-0.831438 -1.0
-1.891431 -1.0
-1.393672 -1.0
-1.888574 -1.0
-3.65e-05 -1.0
-1.882582 -1.0
-1.647130 -1.0
-2.954833 -1.0
-1.644967 -1.0
-1.578970 -1.0
-1.016392 -1.0
0.6461530 -1.0
2.0967157 -1.0
1.1301799 -1.0
0.9314124 -1.0
1.1472910 -1.0
-2.861280 -1.0
-0.951083 -1.0
2.5122382 -1.0
-1.292196 -1.0
1.4749861 -1.0
2.7753186 -1.0
-2.974752 -1.0
-2.587383 -1.0
-1.176462 -1.0
-1.991661 -1.0
-0.034165 -1.0
-0.692633 -1.0
1.3769126 -1.0
-1.060204 -1.0
1.5906751 -1.0
2.5929238 -1.0
-0.829280 -1.0
-1.537523 -1.0
0.3099010 -1.0
-1.462253 -1.0
-1.895381 -1.0
-0.929385 -1.0
2.3628297 -1.0
0.9704142 -1.0
-2.185297 -1.0
1.9589263 -1.0
-2.205477 -1.0
1.7248692 -1.0
 1.388353 -1.0
0.6764129 -1.0
1.3207373 -1.0
-2.290605 -1.0
1.4757733 -1.0
1.9052201 -1.0
2.2587354 -1.0
2.1546187 -1.0
2.0761570 -1.0
-1.656910 -1.0
0.5920952 -1.0
0.7123307 -1.0
1.4064543 -1.0
2.4143528 -1.0
1.4122669 -1.0
-0.632052 -1.0
0.6911740 -1.0
0.8433660 -1.0
-1.665635 -1.0
-2.541812 -1.0
2.1404023 -1.0
0.8586958 -1.0
2.0894546 -1.0
1.3411972 -1.0
-1.246834 -1.0
1.8913266 -1.0
1.7474664 -1.0
2.3448095 -1.0
2.2676222 -1.0
-1.603404 -1.0
  1.40168 -1.0
-1.891958 -1.0
-2.258676 -1.0
2.1308784 -1.0
-1.948486 -1.0
0.6448391 -1.0
2.8160615 -1.0
-1.747548 -1.0
1.3140968 -1.0
0.6933582 -1.0
0.2118354 -1.0
1.8458021 -1.0
-1.831710 -1.0
3.0668013 -1.0
-1.614357 -1.0
1.4426533 -1.0
0.3742248 -1.0
1.3848204 -1.0
2.2110512 -1.0
-0.939255 -1.0
-1.398882 -1.0
-1.524982 -1.0
-1.854354 -1.0
-1.114065 -1.0
1.3119814 -1.0
0.2951915 -1.0
-1.843612 -1.0
2.2581560 -1.0
-1.488818 -1.0
-1.044276 -1.0
-2.454918 -1.0
-1.613055 -1.0
-1.448540 -1.0
0.5134434 -1.0
-1.541155 -1.0
2.6120848 -1.0
1.8318655 -1.0
1.8060998 -1.0
2.0319085 -1.0
-1.241255 -1.0
-2.160418 -1.0
1.8244506 -1.0
-1.577777 -1.0
0.4507058 -1.0
1.7297278 -1.0
  1.76246 -1.0
-0.669220 -1.0
1.0471851 -1.0
-1.728204 -1.0
-2.107998 -1.0
2.8302476 -1.0
-1.257157 -1.0
-0.977187 -1.0
2.8799009 -1.0
1.6969575 -1.0
-0.375514 -1.0
2.0618510 -1.0
1.9833194 -1.0
2.3397190 -1.0
1.9981021 -1.0
-1.015205 -1.0
-2.037992 -1.0
1.2909700 -1.0
-2.224666 -1.0
-1.477685 -1.0
-1.143440 -1.0
-1.568757 -1.0
0.9517164 -1.0
1.3741834 -1.0
0.9958793 -1.0
-2.306582 -1.0
2.5682103 -1.0
1.9229165 -1.0
1.5972263 -1.0
-1.041294 -1.0
-1.441392 -1.0
-0.920016 -1.0
-1.488877 -1.0
-1.924150 -1.0
1.1647542 -1.0
-1.125933 -1.0
2.8818690 -1.0
-1.977281 -1.0
1.1028000 -1.0
1.4269017 -1.0
-2.008886 -1.0
-1.746570 -1.0
1.0358512 -1.0
-3.000741 -1.0
-1.254572 -1.0
1.8509930 -1.0
2.1731658 -1.0
1.4318188 -1.0
0.8093295 -1.0
1.5734514 -1.0
1.1318042 -1.0
-1.849455 -1.0
1.7265997 -1.0
1.5396610 -1.0
1.7385907 -1.0
1.4158175 -1.0
0.3460386 -1.0
-1.541924 -1.0
-1.570772 -1.0
2.0829121 -1.0
-2.042173 -1.0
2.4610321 -1.0
-2.036544 -1.0
2.6752786 -1.0
0.8406227 -1.0
-1.722586 -1.0
-1.887870 -1.0
2.1392326 -1.0
1.1706223 -1.0
1.5813380 -1.0
1.3624606 -1.0
1.2693080 -1.0
2.3287944 -1.0
2.3812391 -1.0
-2.529460 -1.0
-2.107007 -1.0
 2.175447 -1.0
0.6885740 -1.0
1.1666978 -1.0
1.2834699 -1.0
-0.180250 -1.0
2.6048991 -1.0
-0.834112 -1.0
-2.274331 -1.0
-0.988559 -1.0
-1.622133 -1.0
1.7273374 -1.0
-2.400018 -1.0
-0.883240 -1.0
0.4745284 -1.0
1.9699274 -1.0
-1.360038 -1.0
-0.837997 -1.0
1.5654028 -1.0
0.9217648 -1.0
-1.381717 -1.0
1.0994290 -1.0
2.4322740 -1.0
1.9788980 -1.0
1.7789679 -1.0
1.2333827 -1.0
-1.702060 -1.0
-2.372463 -1.0
1.7875630 -1.0
-2.386384 -1.0
1.9254650 -1.0
2.4722647 -1.0
-1.388768 -1.0
-1.919083 -1.0
-0.520209 -1.0
-1.551912 -1.0
1.4376445 -1.0
-1.679609 -1.0
-2.786598 -1.0
1.8931659 -1.0
-2.497192 -1.0
-1.392096 -1.0
-0.997850 -1.0
1.2082487 -1.0
-0.897622 -1.0
1.3744723 -1.0
0.6865954 -1.0
-1.761449 -1.0
-3.123379 -1.0
-2.285466 -1.0
2.1049997 -1.0
-2.180588 -1.0
1.1911671 -1.0
-1.984743 -1.0
-1.150131 -1.0
-1.427121 -1.0
2.2340743 -1.0
1.4908416 -1.0
-1.012320 -1.0
3.1396222 -1.0
1.8550615 -1.0
2.2179124 -1.0
-1.003980 -1.0
-1.727321 -1.0
-1.312941 -1.0
-2.088560 -1.0
-2.533388 -1.0
-1.906022 -1.0
-1.696591 -1.0
-0.611923 -1.0
-1.323515 -1.0
1.5793252 -1.0
1.2877373 -1.0
2.8085341 -1.0
-1.458932 -1.0
-1.604479 -1.0
-0.427572 -1.0
1.1180747 -1.0
-1.518160 -1.0
-1.752152 -1.0
1.3803622 -1.0
-1.377319 -1.0
1.8517956 -1.0
1.8358780 -1.0
2.7279906 -1.0
-3.049499 -1.0
-2.086913 -1.0
0.0337828 -1.0
-1.557195 -1.0
1.4794631 -1.0
1.0847036 -1.0
1.5948249 -1.0
-2.229297 -1.0
-0.132114 -1.0
-2.144112 -1.0
0.8540121 -1.0
-0.890030 -1.0
0.8151481 -1.0
-0.456458 -1.0
0.7542843 -1.0
1.7840708 -1.0
-1.337416 -1.0
-2.242260 -1.0
-1.205119 -1.0
-2.554820 -1.0
1.2968681 -1.0
1.6701136 -1.0
-2.247378 -1.0
1.8372330 -1.0
-0.635943 -1.0
1.3340852 -1.0
-1.596031 -1.0
-1.936713 -1.0
-0.507098 -1.0
1.8075117 -1.0
-1.029319 -1.0
-1.736984 -1.0
-1.850909 -1.0
1.8044507 -1.0
1.2846382 -1.0
-1.402010 -1.0
-1.789404 -1.0
-2.604651 -1.0
1.0605621 -1.0
-1.136822 -1.0
-1.630622 -1.0
-1.679562 -1.0
1.6556211 -1.0
-1.612350 -1.0
-0.782058 -1.0
1.8709758 -1.0
-0.399259 -1.0
-2.238738 -1.0
-1.057179 -1.0
-1.749184 -1.0
0.5398569 -1.0
1.3178321 -1.0
1.4571483 -1.0
0.8762398 -1.0
1.1922826 -1.0
-1.503569 -1.0
2.2966487 -1.0
-0.885423 -1.0
-0.504189 -1.0
0.9212485 -1.0
-0.516929 -1.0
1.5223259 -1.0
-1.281551 -1.0
1.3587312 -1.0
-1.641433 -1.0
-1.376668 -1.0
1.3434311 -1.0
-1.068187 -1.0
1.7026608 -1.0
-2.060592 -1.0
-1.256689 -1.0
-1.286368 -1.0
0.9970893 -1.0
1.3607326 -1.0
-1.724121 -1.0
1.5052312 -1.0
