0.253435
0.252969
0.251495
0.253382
0.253405
0.253435
0.251553
0.253404
0.251068
0.25267
0.25293
0.250715
0.807022
0.247471
0.251551
0.253597
0.251102
0.807022
0.253597
0.253597
0.251094
0.252824
0.251899
0.253205
0.250154
0.253382
0.253435
0.253597
0.253435
0.249931
0.251551
0.253404
0.807249
0.251102
0.253382
0.253205
0.252959
0.251128
0.252141
0.253404
0.253737
0.252959
0.807249
0.250005
0.253435
0.249465
0.807156
0.252961
0.25293
0.247649
0.24944
0.253597
0.249622
0.25177
0.248315
0.253085
0.253505
0.253505
0.252782
0.253404
0.253435
0.251551
0.253382
0.251551
0.249906
0.246368
0.252959
0.250664
0.25115
0.25338
0.251728
0.253205
0.25267
0.253085
0.25338
0.253405
0.252652
0.253597
0.251128
0.253404
0.253509
0.250433
0.253404
0.25338
0.251906
0.251128
0.807022
0.252824
0.25063
0.250612
0.25175
0.251551
0.806879
0.253435
0.253505
0.252777
0.253737
0.252777
0.253382
0.253505
0.252824
0.253505
0.249586
0.253505
0.252824
0.252969
0.253262
0.252974
0.807156
0.253435
0.253435
0.253262
0.253262
0.253085
0.252969
0.25175
0.253597
0.251603
0.252959
0.250745
0.252169
0.251704
0.251169
0.25115
0.25293
0.251906
0.251444
0.25267
0.252974
0.25338
0.248948
0.251068
0.253435
0.252824
0.253205
0.253404
0.25293
0.252169
0.253435
0.253509
0.25115
0.25176
0.250558
0.250154
0.251313
0.252824
0.251728
0.25338
0.253405
0.250715
0.251551
0.251312
0.252824
0.252126
0.252783
0.253404
0.250834
0.252782
0.251169
0.253435
0.25265
0.251899
0.252169
0.251128
0.252782
0.253435
0.253505
0.252169
0.253597
0.253505
0.251102
0.253085
0.253737
0.807249
0.252141
0.807022
0.250547
0.25293
0.253737
0.253205
0.251603
0.253509
0.253509
0.251037
0.252961
0.252126
0.253435
0.25293
0.253509
0.806879
0.251444
0.25175
0.253737
0.252783
0.250823
0.807022
0.253509
0.253737
0.252961
0.252777
0.252652
0.251899
0.249346
0.253404
0.25175
0.253509
0.253505
0.253262
0.250664
0.807022
0.252782
0.253405
0.25177
0.25267
0.253435
0.251312
0.806879
0.25176
0.252652
0.250664
0.250005
0.253737
0.252974
0.253597
0.252169
0.253205
0.251313
0.252777
0.253205
0.251899
0.25175
0.253085
0.252961
0.25293
0.251906
0.25338
0.253435
0.249906
0.25059
0.252783
0.251169
0.806879
0.253085
0.25175
0.253262
0.806879
0.251068
0.252466
0.252126
0.251728
0.252974
0.252959
0.25175
0.253405
0.252961
0.248275
0.252169
0.252466
0.253382
0.253404
0.25338
0.25338
0.252961
0.252652
0.25265
0.806879
0.250952
0.251119
0.252777
0.25293
0.249346
0.253509
0.252466
0.253404
0.253597
0.252169
0.253404
0.807022
0.253382
0.25267
0.253404
0.252169
0.252652
0.250773
0.253509
0.251068
0.251313
0.251899
0.251296
0.253597
0.807156
0.251296
0.253435
0.253435
0.253509
0.253405
0.253505
0.253505
0.251068
0.253597
0.251128
0.252961
0.253405
0.253435
0.253435
0.253404
0.251899
0.253262
0.253085
0.25267
0.253205
0.253505
0.253435
0.253205
0.249917
0.807249
0.250952
0.25293
0.252959
0.25267
0.251128
0.249906
0.807249
0.25267
0.251906
0.253262
0.25338
0.253509
0.252169
0.252126
0.252466
0.252652
0.253597
0.253597
0.25267
0.806879
0.250745
0.253382
0.253435
0.251328
0.253509
0.253435
0.253205
0.251553
0.251551
0.252466
0.252466
0.25175
0.252974
0.248624
0.25293
0.253404
0.25338
0.251068
0.253597
0.252782
0.251128
0.253404
0.251899
0.252777
0.250547
0.249906
0.251312
0.253505
0.252652
0.250957
0.253262
0.253435
0.807022
0.253404
0.251899
0.250071
0.253597
0.251906
0.252824
0.252824
0.253505
0.253085
0.252652
0.253405
0.806879
0.251603
0.253597
0.253085
0.252959
0.253404
0.248028
0.253262
0.250433
0.25175
0.25338
0.253435
0.253205
0.25265
0.252824
0.251899
0.807022
0.253435
0.807249
0.252169
0.250433
0.253505
0.253262
0.253382
0.253382
0.253205
0.253382
0.252969
0.253737
0.806879
0.253262
0.252824
0.252824
0.251899
0.807022
0.253509
0.252126
0.252974
0.253404
0.25338
0.25265
0.253382
0.251312
0.252824
0.253382
0.252782
0.252782
0.252974
0.252961
0.252974
0.252141
0.249906
0.252169
0.251603
0.252824
0.249465
0.253737
0.25177
0.250071
0.251526
0.25338
0.253405
0.251273
0.253597
0.807022
0.253435
0.250664
0.807249
0.245423
0.251312
0.244684
0.252782
0.248717
0.252782
0.253085
0.807249
0.251444
0.252974
0.253382
0.25115
0.253262
0.251444
0.253737
0.253205
0.252777
0.253509
0.252959
0.253509
0.253509
0.250823
0.253405
0.253435
0.252969
0.251728
0.251603
0.251551
0.252824
0.250154
0.247151
0.253205
0.806879
0.251704
0.253262
0.247471
0.253262
0.253737
0.253737
0.25293
0.247603
0.250227
0.252782
0.807022
0.251313
0.251273
0.253509
0.252969
0.252824
0.251328
0.251102
0.25338
0.252959
0.253085
0.25267
0.253382
0.25016
0.252126
0.252974
0.25293
0.249465
0.25338
0.253382
0.253737
0.253085
0.252782
0.252169
0.253435
0.807022
0.253262
0.249127
0.252782
0.252169
0.251603
0.253597
0.253435
0.253509
0.807156
0.252959
0.248948
0.253435
0.251526
0.253737
0.249622
0.252783
0.253435
0.249887
0.253737
0.253737
0.252169
0.807249
0.807249
0.253737
0.248824
0.253382
0.807156
0.251444
0.25293
0.253405
0.253405
0.253404
0.251495
0.25293
0.252974
0.252824
0.807249
0.251128
0.248969
0.252466
0.253262
0.251068
0.246064
0.253597
0.251603
0.251094
0.253382
0.253597
0.251603
0.253597
0.252126
0.251273
0.806879
0.25176
0.253262
0.253085
0.253404
0.251603
0.250154
0.253597
0.251553
0.252783
0.253404
0.253404
0.253505
0.249586
0.251296
0.253509
0.248315
0.252169
0.253085
0.807022
0.253382
0.253597
0.251899
0.252824
0.25293
0.250715
0.248399
0.253737
0.253505
0.251313
0.252466
0.806879
0.253435
0.250715
0.252824
0.253509
0.251899
0.252652
0.252652
0.253085
0.252466
0.253505
0.250727
0.253505
0.252974
0.251119
0.251495
0.251899
0.252783
0.250952
0.25267
0.252959
0.252169
0.251119
0.252777
0.251328
0.25265
0.253404
0.25175
0.25063
0.252652
0.25338
0.807156
0.253404
0.251068
0.252141
0.251128
0.25293
0.25267
0.251899
0.253435
0.250525
0.806879
0.252126
0.252652
0.248487
0.807022
0.25177
0.252777
0.252169
0.251312
0.253085
0.252169
0.252961
0.25293
0.25338
0.253382
0.249622
0.251037
0.252783
0.251444
0.252969
0.253435
0.252783
0.253435
0.25338
0.25063
0.253262
0.25267
0.253205
0.807156
0.253509
0.253404
0.252141
0.251128
0.251119
0.252777
0.25338
0.253435
0.253382
0.807249
0.249048
0.253262
0.252466
0.253404
0.253404
0.253597
0.807022
0.252782
0.251102
0.251273
0.253435
0.253435
0.251899
0.253505
0.251169
0.252783
0.250834
0.251495
0.25267
0.250823
0.252169
0.252824
0.251704
0.250957
0.25293
0.252969
0.252466
0.252777
0.251899
0.25338
0.253405
0.252824
0.252783
0.252824
0.251119
0.251899
0.253737
0.253404
0.806879
0.252169
0.25338
0.253435
0.250957
0.252824
0.253405
0.253382
0.252969
0.253597
0.252974
0.253737
0.249592
0.252969
0.250952
0.253405
0.253597
0.806879
0.249068
0.253435
0.251603
0.253404
0.252959
0.251495
0.253205
0.25338
0.253435
0.25063
0.252169
0.253382
0.252974
0.253382
0.806879
0.251094
0.251603
0.253262
0.253382
0.253205
0.252466
0.251094
0.251899
0.253505
0.253597
0.248969
0.253085
0.25175
0.251899
0.252777
0.253435
0.24976
0.252169
0.253737
0.252959
0.251296
0.248969
0.25338
0.251906
0.250579
0.253085
0.250834
0.807022
0.251906
0.806879
0.250612
0.252141
0.252169
0.251495
0.249585
0.253262
0.251553
0.253404
0.25177
0.253404
0.252959
0.251603
0.253505
0.252969
0.253597
0.806879
0.253435
0.25293
0.252969
0.25066
0.253505
0.252466
0.253085
0.253597
0.252169
0.25338
0.251526
0.25265
0.25115
0.25063
0.25265
0.249081
0.252961
0.250579
0.251068
0.252652
0.252783
0.251728
0.252141
0.253205
0.253509
0.252959
0.253597
0.252959
0.251526
0.253262
0.253382
0.253597
0.25066
0.252783
0.25265
0.250715
0.253085
0.25177
0.25267
0.251553
0.252969
0.253404
0.252961
0.253382
0.253435
0.251906
0.253262
0.253737
0.252782
0.807156
0.252974
0.253205
0.252782
0.251313
0.252169
0.250715
0.252777
0.253405
0.253737
0.251169
0.253085
0.251094
0.247594
0.251906
0.253382
0.250745
0.25265
0.252169
0.251312
0.251551
0.248301
0.251899
0.252824
0.251899
0.252652
0.253262
0.253505
0.251068
0.251444
0.252974
0.252974
0.253509
0.25293
0.249127
0.252959
0.253205
0.253597
0.247386
0.252974
0.253505
0.25176
0.252974
0.253435
0.253085
0.252169
0.252969
0.253509
0.253405
0.251899
0.253435
0.253205
0.252961
0.252141
0.252169
0.253262
0.253509
0.253262
0.251296
0.253509
0.253597
0.251553
0.252974
0.252466
0.253205
0.252824
0.25338
0.252169
0.251553
0.251119
0.253435
0.253404
0.253505
0.251551
0.25267
0.807022
0.251094
0.253085
0.252141
0.251444
0.253405
0.252969
0.248056
0.251068
0.248602
0.252777
0.251312
0.251906
0.251704
0.25175
0.252777
0.25338
0.252824
0.252126
0.252141
0.253085
0.253435
0.253435
0.250773
0.252783
0.253435
0.251312
0.253382
0.253597
0.253435
0.248487
0.25265
0.807022
0.251094
0.251037
0.25338
0.253382
0.251553
0.252959
0.251312
0.253382
0.253404
0.806879
0.252141
0.248824
0.253382
0.806879
0.253404
0.250065
0.253435
0.251899
0.253405
0.253435
0.253262
0.253405
0.253205
0.252969
0.253435
0.252969
0.252969
0.252824
0.25338
0.253205
0.807249
0.253205
0.252783
0.251906
0.253205
0.252126
0.250952
0.251169
0.253597
0.253262
0.252783
0.253435
0.253435
0.249288
0.253505
0.25267
0.25338
0.806879
0.807022
0.25175
0.25338
0.253597
0.250664
0.251899
0.249903
0.252126
0.250547
0.251102
0.253382
0.252169
0.25267
0.253435
0.807022
0.252961
0.252466
0.253435
0.252974
0.249358
0.252824
0.252169
0.250715
0.250727
0.253597
0.253405
0.253085
0.250071
0.253597
0.252783
0.253509
0.25293
0.25338
0.253085
0.807249
0.252782
0.248995
0.253737
0.250727
0.807249
0.253262
0.253737
0.807249
0.249465
0.252974
0.251313
0.251313
0.251037
0.252824
0.253509
0.806879
0.25338
0.250952
0.807022
0.807156
0.25175
0.25338
0.253405
0.250065
0.252652
0.251102
0.253405
0.251312
0.251906
0.252969
0.250745
0.253435
0.252141
0.251899
0.252652
0.253404
0.252974
0.251553
0.252783
0.252169
0.807022
0.253737
0.253597
0.252961
0.251899
0.253505
0.253382
0.253405
0.253085
0.253435
0.25267
0.251444
0.252652
0.25293
0.25265
0.25175
0.253382
0.252974
0.251313
0.252824
0.253737
0.253505
0.253085
0.253262
0.251094
0.252974
0.253404
0.251728
0.253205
0.25338
0.251728
0.253509
0.252969
0.251169
0.251704
0.251728
0.253509
0.250558
0.253597
0.25265
0.252969
0.252169
0.253435
0.807249
0.253382
0.25293
0.251899
0.253737
0.252959
0.252141
0.249903
0.253509
0.252824
0.253435
0.252782
0.251328
0.253737
0.252974
0.251728
0.253382
0.25267
0.252974
0.25176
0.252126
0.24976
0.807022
0.253597
0.253597
0.253597
0.253505
0.252777
0.25293
0.253509
0.25115
0.253597
0.25293
0.25338
0.252466
0.253205
0.253205
0.252961
0.25176
0.806879
0.253405
0.25338
0.249465
0.249917
0.25265
0.252824
0.253405
0.252974
0.253382
0.253085
0.252974
0.253382
0.251526
0.253205
0.806879
0.806879
0.252969
0.25265
0.253205
0.252169
0.24976
0.252959
0.253405
0.807249
0.248668
0.253205
0.249288
0.253405
0.252169
0.251551
0.25177
0.251119
0.252969
0.25338
0.252783
0.251906
0.253405
0.253382
0.253262
0.252783
0.253435
0.251704
0.253737
0.251296
0.24942
0.252959
0.253382
0.24628
0.250071
0.251094
0.248668
0.250834
0.25267
0.253405
0.253262
0.25338
0.807022
0.253435
0.253597
0.25267
0.253382
0.252777
0.250558
0.25175
0.253404
0.807156
0.252824
0.251728
0.253404
0.252824
0.252969
0.25175
0.253435
0.250745
0.25265
0.252466
0.253435
0.25265
0.253509
0.248668
0.253085
0.252169
0.25059
0.25293
0.253205
0.806879
0.250558
0.251551
0.250834
0.253405
0.253737
0.25265
0.252141
0.807022
0.25265
0.253085
0.251704
0.249622
0.253505
0.25176
0.251444
0.253435
0.806879
0.251068
0.252974
0.251312
0.253382
0.252169
0.25265
0.25265
0.252652
0.253404
0.807022
0.253737
0.25265
0.25293
0.252974
0.806879
0.251551
0.253509
0.252961
0.253509
0.251899
0.253435
0.249887
0.253404
0.253205
0.253205
0.253405
0.807156
0.253597
0.245942
0.253262
0.253085
0.251899
0.25063
0.25115
0.807249
0.252969
0.252782
0.253509
0.25177
0.250558
0.250065
0.252824
0.251312
0.253382
0.807249
0.252974
0.253404
0.251328
0.253382
0.248969
0.806879
0.252961
0.252782
0.253262
0.252782
0.252782
0.252959
0.252961
0.253509
0.251526
0.25267
0.807249
0.250547
0.25265
0.253435
0.253405
0.253404
0.806879
0.252169
0.807022
0.252652
0.253597
0.252782
0.253435
0.250005
0.252974
0.253404
0.25338
0.252824
0.249465
0.251906
0.253435
0.807022
0.253382
0.253405
0.25293
0.253085
0.250433
0.251313
0.806879
0.807156
0.806879
0.253085
0.252141
0.253737
0.253505
0.253737
0.253505
0.252141
0.252169
0.253505
0.250005
0.252824
0.253435
0.25175
0.252961
0.253404
0.252961
0.252783
0.25338
0.253435
0.253262
0.253737
0.252961
0.251553
0.252777
0.249931
0.252974
0.253509
0.253435
0.252652
0.253085
0.252169
0.253435
0.251728
0.253597
0.253262
0.253404
0.25338
0.253737
0.250071
0.251119
0.252169
0.253085
0.253505
0.25293
0.253085
0.25293
0.25293
0.253405
0.807022
0.253737
0.252959
0.253597
0.249297
0.253205
0.250558
0.252466
0.807156
0.252969
0.25267
0.253597
0.807022
0.253435
0.806879
0.252959
0.253597
0.25293
0.24942
0.253405
0.251728
0.253382
0.250952
0.251444
0.250715
0.252126
0.252959
0.252959
0.807156
0.253435
0.252824
0.253435
0.253085
0.807156
0.807022
0.252974
0.807249
0.253597
0.253405
0.253405
0.25338
0.253404
0.25338
0.252824
0.251526
0.250433
0.253404
0.253505
0.253505
0.253435
0.252782
0.253262
0.25265
0.24976
0.807022
0.253509
0.253597
0.253382
0.253404
0.252824
0.252959
0.253435
0.253509
0.253262
0.251526
0.253737
0.253382
0.25175
0.253435
0.252782
0.24836
0.807156
0.253085
0.251553
0.249586
0.25267
0.251704
0.251037
0.253435
0.253205
0.252169
0.25293
0.253405
0.253597
0.25338
0.253505
0.253205
0.251704
0.253509
0.25175
0.252961
0.253405
0.251526
0.253509
0.251128
0.252969
0.252169
0.253404
0.251119
0.252824
0.253597
0.250952
0.252652
0.252777
0.252777
0.807156
0.250433
0.253085
0.252969
0.248982
0.251704
0.253435
0.253505
0.253205
0.807022
0.251169
0.253405
0.252777
0.252782
0.252652
0.252141
0.253405
0.252169
0.253435
0.253404
0.253085
0.252783
0.252126
0.25176
0.253505
0.252959
0.25338
0.248315
0.251899
0.252974
0.250823
0.25293
0.253505
0.249068
0.246701
0.253435
0.253509
0.251553
0.253435
0.807156
0.25063
0.253435
0.25338
0.253405
0.253737
0.251312
0.248995
0.25338
0.247981
0.25059
0.253505
0.251899
0.806879
0.251128
0.249465
0.252959
0.246583
0.251102
0.252466
0.250957
0.252126
0.25265
0.252782
0.253205
0.807249
0.253262
0.251495
0.252824
0.25066
0.251313
0.253085
0.252141
0.252466
0.253737
0.253509
0.806879
0.249887
0.250823
0.251899
0.249903
0.251094
0.252652
0.250664
0.252961
0.249887
0.253205
0.252466
0.253597
0.252652
0.253404
0.253205
0.251444
0.253382
0.252783
0.806879
0.253435
0.252974
0.252126
0.253435
0.253262
0.249903
0.25293
0.807249
0.253405
0.252961
0.250664
0.249465
0.251906
0.251728
0.25293
0.253205
0.252777
0.251094
0.251704
0.252961
0.251119
0.25338
0.252466
0.251313
0.253205
0.249148
0.25338
0.253404
0.253505
0.252169
0.253262
0.252969
0.252783
0.253382
0.25338
0.252959
0.252783
0.807249
0.253085
0.253435
0.25338
0.807156
0.253404
0.251128
0.251037
0.25265
0.253262
0.253737
0.251899
0.252974
0.25175
0.251551
0.252824
0.253505
0.253262
0.253509
0.253737
0.252969
0.253435
0.253405
0.253085
0.253505
0.253405
0.25115
0.253597
0.253382
0.252141
0.807022
0.252969
0.253509
0.253597
0.249346
0.25059
0.253085
0.251102
0.252169
0.252961
0.252169
0.253597
0.253205
0.25265
0.253382
0.252969
0.253737
0.806879
0.253509
0.250664
0.252652
0.253085
0.251899
0.252961
0.253404
0.806879
0.807156
0.253382
0.253737
0.251899
0.251526
0.253597
0.252824
0.252969
0.252969
0.248969
0.252783
0.251328
0.25059
0.253405
0.807156
0.253262
0.25177
0.806879
0.252169
0.253205
0.25293
0.253405
0.253262
0.253382
0.252652
0.250823
0.806879
0.252959
0.250834
0.806879
0.252961
0.249903
0.251899
0.252169
0.253737
0.252961
0.252169
0.249358
0.252169
0.253404
0.252777
0.252141
0.248838
0.253085
0.253085
0.253737
0.807156
0.252777
0.252777
0.252126
0.250957
0.252777
0.252777
0.251169
0.253597
0.252466
0.253435
0.25175
0.25293
0.253505
0.253205
0.25338
0.253509
0.252959
0.807022
0.807156
0.252777
0.251273
0.249068
0.252959
0.25265
0.252169
0.806879
0.25267
0.247803
0.25177
0.253262
0.252466
0.25063
0.252782
0.251553
0.251495
0.252974
0.25175
0.806879
0.25265
0.252782
0.253737
0.25176
0.25059
0.253404
0.251899
0.251296
0.253205
0.807022
0.253262
0.253597
0.251312
0.250227
0.253435
0.253405
0.253505
0.253085
0.25066
0.253435
0.253405
0.250834
0.25175
0.252141
0.251037
0.253597
0.251728
0.251553
0.253435
0.253205
0.253737
0.251704
0.807022
0.253205
0.253737
0.25293
0.251444
0.253597
0.252777
0.252969
0.253597
0.251553
0.253435
0.253597
0.25265
0.249775
0.807022
0.253505
0.251312
0.250558
0.253404
0.252783
0.251444
0.252824
0.249048
0.251899
0.250952
0.253205
0.249346
0.251119
0.253382
0.253085
0.253382
0.252959
0.25338
0.247594
0.25267
0.253404
0.251495
0.253405
0.252777
0.25267
0.253205
0.251899
0.251526
0.252783
0.249346
0.253505
0.253205
0.251119
0.253505
0.807022
0.253405
0.251169
0.251296
0.252974
0.251899
0.253597
0.807022
0.253085
0.253435
0.253505
0.807249
0.25177
0.253509
0.253404
0.253737
0.253435
0.24976
0.25265
0.253382
0.252974
0.253085
0.253505
0.252141
0.251603
0.253205
0.25267
0.25175
0.252969
0.252974
0.250065
0.250745
0.253597
0.252777
0.253505
0.252777
0.25267
0.249127
0.252777
0.252777
0.252126
0.252959
0.807156
0.252652
0.253382
0.251728
0.253435
0.25175
0.252466
0.252974
0.806879
0.252969
0.253509
0.253262
0.253509
0.249903
0.25267
0.253505
0.253505
0.250154
0.252777
0.251526
0.253405
0.252782
0.253435
0.253262
0.253262
0.253205
0.251328
0.252959
0.25265
0.253509
0.253597
0.253085
0.250952
0.25175
0.252974
0.253085
0.251169
0.253435
0.806879
0.252782
0.807249
0.252169
0.253435
0.252783
0.249297
0.807156
0.253737
0.25267
0.251328
0.252974
0.251328
0.253085
0.251495
0.248668
0.253505
0.252466
0.253262
0.252974
0.253382
0.252466
0.251068
0.24861
0.25338
0.252961
0.251128
0.253205
0.253404
0.252652
0.253509
0.253382
0.253509
0.253382
0.251704
0.253405
0.253382
0.251328
0.807249
0.253404
0.251328
0.252777
0.253382
0.253597
0.250005
0.251728
0.25338
0.25293
0.25293
0.248205
0.25176
0.253737
0.251313
0.251906
0.253404
0.250773
0.253404
0.807249
0.250612
0.251444
0.253205
0.253597
0.253597
0.252466
0.248028
0.252961
0.250957
0.253382
0.252959
0.252466
0.253505
0.807022
0.249526
0.249358
0.251273
0.252126
0.807022
0.25338
0.252961
0.250773
0.251273
0.24944
0.253509
0.253085
0.250071
0.252959
0.253509
0.251273
0.250823
0.25115
0.252974
0.252974
0.248948
0.25175
0.253262
0.252974
0.253382
0.252961
0.251119
0.248717
0.252782
0.253262
0.248449
0.251444
0.807156
0.249586
0.251128
0.253435
0.253404
0.248982
0.252777
0.252961
0.251128
0.252969
0.252126
0.25267
0.252169
0.807249
0.253597
0.253262
0.807022
0.25293
0.252824
0.252961
0.249903
0.252141
0.25175
0.253737
0.253597
0.251899
0.252959
0.807249
0.250715
0.251603
0.253505
0.252126
0.252777
0.250005
0.253085
0.253435
0.253737
0.252652
0.253405
0.25066
0.806879
0.252961
0.251603
0.250579
0.25265
0.253205
0.253435
0.253205
0.250664
0.253737
0.25338
0.253404
0.252169
0.252959
0.252777
0.252961
0.252126
0.250715
0.253262
0.253405
0.807022
0.252169
0.252652
0.251553
0.252974
0.252824
0.253085
0.252824
0.248948
0.252126
0.253405
0.252959
0.253505
0.253262
0.253205
0.807022
0.253505
0.251312
0.251603
0.253085
0.252126
0.253405
0.252824
0.250579
0.253435
0.252961
0.253085
0.253435
0.252169
0.250558
0.250834
0.251102
0.807249
0.252961
0.253509
0.253382
0.253262
0.252782
0.252652
0.250433
0.250227
0.252974
0.251296
0.251296
0.253405
0.252777
0.25338
0.253505
0.250952
0.25177
0.807249
0.25338
0.253435
0.250579
0.24691
0.25175
0.248487
0.252169
0.253597
0.246526
0.252959
0.250715
0.252969
0.252169
0.25267
0.253405
0.253205
0.251603
0.25177
0.253509
0.251603
0.253597
0.25338
0.252169
0.252466
0.253505
0.252169
0.250065
0.806879
0.253505
0.253085
0.252777
0.252169
0.25293
0.251906
0.253085
0.253382
0.250952
0.253085
0.249903
0.251312
0.252969
0.251899
0.253435
0.253435
0.252141
0.253435
0.25175
0.25265
0.252961
0.253435
0.253085
0.25338
0.252824
0.249297
0.253435
0.25267
0.249917
0.252466
0.253205
0.24942
0.252974
0.252652
0.252783
0.253085
0.251128
0.249903
0.25059
0.252169
0.252969
0.253505
0.25175
0.253262
0.253382
0.253509
0.806879
0.249931
0.251037
0.252782
0.252169
0.807156
0.250834
0.253405
0.250715
0.25293
0.253737
0.252652
0.253435
0.249465
0.252974
0.252969
0.249586
0.252141
0.253597
0.253404
0.252783
0.252961
0.252169
0.807156
0.253435
0.807156
0.252783
0.252782
0.806879
0.25293
0.251444
0.807022
0.253509
0.251906
0.253405
0.251899
0.253404
0.251094
0.253435
0.252824
0.253085
0.252783
0.253509
0.252969
0.251551
0.253262
0.253597
0.253262
0.253435
0.251899
0.250773
0.253085
0.253404
0.249346
0.251553
0.253435
0.250525
0.25115
0.253382
0.251906
0.252783
0.252652
0.251068
0.252783
0.252961
0.253505
0.25265
0.253505
0.252974
0.24976
0.251899
0.249127
0.25175
0.252961
0.25338
0.253435
0.251094
0.252169
0.250612
0.251551
0.807249
0.253435
0.250525
0.251068
0.250547
0.253205
0.252974
0.252141
0.253382
0.25267
0.252652
0.253505
0.253435
0.253262
0.252126
0.807156
0.252141
0.252652
0.253509
0.251068
0.24976
0.253085
0.25265
0.252974
0.253435
0.253509
0.253505
0.253505
0.250952
0.806879
0.252961
0.253205
0.253597
0.250065
0.253737
0.253505
0.251906
0.253262
0.253262
0.253509
0.253205
0.807249
0.25265
0.24942
0.252961
0.807249
0.253737
0.253085
0.253405
0.252466
0.253085
0.252466
0.253382
0.253597
0.807022
0.251444
0.25066
0.253435
0.253505
0.253262
0.253509
0.25115
0.252466
0.252652
0.807249
0.251169
0.253597
0.253509
0.253085
0.253509
0.252141
0.253262
0.25175
0.807022
0.806879
0.248205
0.807249
0.251899
0.253737
0.253262
0.25265
0.807022
0.807022
0.25175
0.252959
0.253382
0.251068
0.253382
0.252466
0.253505
0.25177
0.253262
0.807022
0.806879
0.249917
0.253085
0.252959
0.25293
0.251128
0.253262
0.252969
0.249346
0.253405
0.252782
0.253505
0.252959
0.252783
0.252782
0.253205
0.253085
0.253085
0.25267
0.251037
0.250834
0.249622
0.253737
0.25293
0.25267
0.25293
0.250715
0.253435
0.252969
0.807022
0.253382
0.252824
0.248891
0.253405
0.253205
0.253435
0.253205
0.253405
0.253597
0.253505
0.251128
0.248969
0.248028
0.253262
0.253435
0.806879
0.25267
0.253382
0.252777
0.253405
0.25267
0.248275
0.253737
0.251169
0.249592
0.251068
0.253509
0.253435
0.253737
0.252961
0.253262
0.807156
0.251102
0.251102
0.807249
0.251328
0.252824
0.253205
0.25175
0.251119
0.253737
0.253262
0.251296
0.25265
0.249931
0.252777
0.252777
0.252969
0.252169
0.252777
0.252169
0.253505
0.251603
0.806879
0.252824
0.251551
0.807249
0.250525
0.253737
0.253435
0.249622
0.251526
0.25115
0.252969
0.252959
0.25293
0.253435
0.807249
0.250957
0.24861
0.251296
0.252777
0.252782
0.251551
0.252974
0.253382
0.251495
0.253435
0.25177
0.251526
0.250952
0.25338
0.253262
0.253435
0.25265
0.253205
0.248275
0.252824
0.25267
0.252141
0.253737
0.253262
0.253435
0.807249
0.250664
0.807156
0.253737
0.253382
0.248717
0.251119
0.25293
0.253405
0.807249
0.253509
0.252169
0.251119
0.807022
0.253085
0.253597
0.252169
0.252961
0.253404
0.249297
0.253597
0.25267
0.251037
0.251094
0.251037
0.25115
0.25175
0.253382
0.250834
0.253505
0.24944
0.253405
0.252777
0.25338
0.253597
0.253597
0.252169
0.25115
0.253205
0.252777
0.253262
0.250664
0.247024
0.251119
0.25267
0.249068
0.253737
0.806879
0.250727
0.252969
0.807156
0.253382
0.25338
0.251037
0.25338
0.253405
0.251312
0.253262
0.253505
0.253205
0.248717
0.25267
0.251526
0.252466
0.807249
0.252783
0.253262
0.252652
0.253597
0.251728
0.253205
0.807022
0.250005
0.252969
0.253737
0.25338
0.25063
0.25265
0.252466
0.253382
0.251312
0.253435
0.807022
0.25265
0.253505
0.251119
0.251102
0.252974
0.253085
0.252777
0.253404
0.253262
0.253435
0.253404
0.253597
0.806879
0.251551
0.253435
0.807249
0.807156
0.253205
0.253435
0.252782
0.253205
0.251102
0.251906
0.251899
0.252466
0.25338
0.25338
0.253382
0.25267
0.252169
0.253509
0.25265
0.25265
0.253085
0.252652
0.252783
0.807156
0.249297
0.252783
0.251899
0.253382
0.253262
0.249288
0.807022
0.250154
0.252959
0.252961
0.253597
0.249081
0.25338
0.251899
0.253435
0.250834
0.253509
0.253505
0.252141
0.253262
0.249887
0.253597
0.253405
0.806879
0.250727
0.253262
0.250664
0.253205
0.252652
0.252777
0.25177
0.252961
0.253405
0.253737
0.253435
0.251906
0.253509
0.253404
0.24861
0.25293
0.253404
0.25293
0.251119
0.250525
0.25338
0.252782
0.251899
0.252777
0.251273
0.251068
0.252959
0.253405
0.250227
0.252824
0.252974
0.806879
0.253435
0.249068
0.250957
0.252959
0.253405
0.25293
0.253262
0.807022
0.250715
0.25265
0.248357
0.250005
0.251553
0.251906
0.252961
0.248891
0.251704
0.806879
0.253405
0.251119
0.252969
0.253505
0.252961
0.253505
0.252782
0.253597
0.25267
0.251444
0.25063
0.807249
0.253382
0.252652
0.253262
0.250065
0.253405
0.806879
0.243406
0.252961
0.252466
0.25293
0.253435
0.250773
0.251313
0.25175
0.252961
0.252959
0.25063
0.25293
0.253435
0.252169
0.253405
0.251128
0.252466
0.253435
0.250612
0.253405
0.24976
0.807156
0.252782
0.253382
0.806879
0.252959
0.807156
0.252969
0.25293
0.249585
0.252969
0.252126
0.251273
0.250715
0.252782
0.253505
0.253405
0.253505
0.253509
0.252783
0.250727
0.25059
0.250834
0.253382
0.25293
0.806879
0.250715
0.252777
0.807156
0.251603
0.253435
0.251906
0.250957
0.253509
0.251551
0.253404
0.253404
0.25177
0.807156
0.247803
0.248838
0.25267
0.253405
0.253435
0.253505
0.252652
0.806879
0.252782
0.252777
0.252961
0.253405
0.253262
0.807249
0.251526
0.252974
0.807156
0.806879
0.252466
0.807022
0.253262
0.25338
0.252969
0.252169
0.252777
0.252969
0.806879
0.251899
0.253737
0.252783
0.806879
0.253737
0.252652
0.253262
0.253205
0.247414
0.251899
0.24976
0.25175
0.252169
0.807022
0.249081
0.24942
0.807249
0.252141
0.25176
0.253405
0.24495
0.252169
0.253404
0.253435
0.251899
0.249906
0.246283
0.249526
0.252959
0.25115
0.24942
0.25267
0.25176
0.252824
0.251296
0.252961
0.253382
0.251603
0.806879
0.252974
0.253085
0.253509
0.25338
0.25175
0.251119
0.253405
0.253262
0.252959
0.25265
0.251495
0.25338
0.252783
0.25267
0.253382
0.253597
0.250773
0.251273
0.25063
0.807022
0.252959
0.253737
0.252652
0.24746
0.253262
0.253404
0.253382
0.253205
0.251553
0.25063
0.24976
0.251119
0.249931
0.251551
0.252961
0.252466
0.252961
0.252782
0.252777
0.251495
0.251899
0.252126
0.252961
0.250957
0.25265
0.252141
0.25175
0.25059
0.248293
0.251899
0.25338
0.25059
0.252959
0.253382
0.253435
0.806879
0.252824
0.25293
0.253382
0.253435
0.253404
0.253435
0.251551
0.253435
0.250727
0.252141
0.25175
0.252974
0.253737
0.249569
0.253085
0.25175
0.253404
0.253509
0.253597
0.251068
0.807249
0.253505
0.250745
0.253505
0.806879
0.806879
0.252466
0.25177
0.251603
0.252783
0.251899
0.251094
0.253404
0.251169
0.253405
0.250227
0.253505
0.252169
0.248487
0.252169
0.253509
0.25293
0.253085
0.252777
0.250154
0.252169
0.807022
0.251704
0.253085
0.253737
0.25293
0.253205
0.251094
0.25338
0.252974
0.253435
0.252777
0.25293
0.253262
0.25176
0.252777
0.251728
0.251728
0.251068
0.253404
0.252824
0.253085
0.253435
0.253597
0.252824
0.253085
0.245595
0.253435
0.807249
0.253085
0.250727
0.253509
0.251495
0.25265
0.252169
