0.539255 -3061.31
0.579012 -3061
0.548579 -3060.78
0.541051 -3061.19
0.582896 -3061.25
0.539631 -3061.29
0.548035 -3060.8
0.582487 -3061.22
0.551617 -3060.66
0.577237 -3060.9
0.544794 -3060.96
0.570213 -3060.62
0.57985 -3061.05
0.557409 -3060.53
0.54804 -3060.8
0.588131 -3061.68
0.550934 -3060.69
0.543549 -3061.03
0.589454 -3061.8
0.58759 -3061.63
0.55126 -3060.68
0.577957 -3060.94
0.547445 -3060.83
0.542443 -3061.1
0.554679 -3060.58
0.540932 -3061.2
0.583844 -3061.32
0.589951 -3061.85
0.584472 -3061.37
0.568502 -3060.57
0.54804 -3060.8
0.540326 -3061.24
0.545904 -3060.9
0.551036 -3060.68
0.541051 -3061.19
0.58043 -3061.08
0.544588 -3060.97
0.550482 -3060.7
0.576058 -3060.84
0.582492 -3061.22
0.530949 -3062.02
0.544588 -3060.97
0.577281 -3060.9
0.568513 -3060.57
0.583831 -3061.32
0.568019 -3060.56
0.578208 -3060.95
0.578714 -3060.98
0.544588 -3060.97
0.557276 -3060.53
0.555382 -3060.56
0.58759 -3061.63
0.568119 -3060.57
0.575662 -3060.82
0.566729 -3060.54
0.543233 -3061.05
0.585773 -3061.47
0.58594 -3061.49
0.545548 -3060.92
0.582631 -3061.23
0.539157 -3061.32
0.54804 -3060.8
0.582177 -3061.2
0.575156 -3060.8
0.568428 -3060.57
0.557591 -3060.52
0.544588 -3060.97
0.570163 -3060.62
0.550356 -3060.71
0.581924 -3061.18
0.547753 -3060.81
0.58057 -3061.09
0.577137 -3060.9
0.543215 -3061.05
0.541218 -3061.18
0.540027 -3061.26
0.576963 -3060.89
0.588403 -3061.7
0.572928 -3060.71
0.582392 -3061.22
0.587134 -3061.59
0.56897 -3060.58
0.54065 -3061.22
0.541278 -3061.17
0.575804 -3060.83
0.55051 -3060.7
0.543605 -3061.03
0.577957 -3060.94
0.56981 -3060.61
0.56965 -3060.6
0.547735 -3060.82
0.54804 -3060.8
0.581181 -3061.13
0.583844 -3061.32
0.585104 -3061.42
0.577625 -3060.92
0.5238 -3062.8
0.54565 -3060.92
0.582177 -3061.2
0.5372 -3061.47
0.577957 -3060.94
0.585104 -3061.42
0.555291 -3060.56
0.537678 -3061.43
0.545242 -3060.94
0.578917 -3060.99
0.54211 -3061.12
0.579323 -3061.02
0.578208 -3060.95
0.53967 -3061.28
0.539233 -3061.32
0.54242 -3061.1
0.542345 -3061.11
0.543215 -3061.05
0.579044 -3061
0.575566 -3060.82
0.533657 -3061.77
0.575341 -3060.81
0.544588 -3060.97
0.570606 -3060.63
0.576371 -3060.86
0.547817 -3060.81
0.550259 -3060.71
0.550281 -3060.71
0.544588 -3060.97
0.547353 -3060.83
0.549065 -3060.76
0.545991 -3060.9
0.57928 -3061.01
0.541218 -3061.18
0.556254 -3060.55
0.571861 -3060.67
0.584606 -3061.38
0.577957 -3060.94
0.542572 -3061.09
0.540659 -3061.22
0.54468 -3060.97
0.546847 -3060.86
0.539631 -3061.29
0.587097 -3061.58
0.550356 -3060.71
0.547676 -3060.82
0.569388 -3060.6
0.554679 -3060.58
0.573787 -3060.74
0.577957 -3060.94
0.547753 -3060.81
0.541368 -3061.17
0.582977 -3061.26
0.553071 -3060.62
0.548095 -3060.8
0.573413 -3060.73
0.545201 -3060.94
0.547185 -3060.84
0.577936 -3060.94
0.540457 -3061.23
0.571008 -3060.64
0.545523 -3060.92
0.550153 -3060.72
0.539631 -3061.29
0.54645 -3060.88
0.547445 -3060.83
0.576418 -3060.86
0.572928 -3060.71
0.545479 -3060.93
0.538731 -3061.35
0.537084 -3061.48
0.576418 -3060.86
0.534679 -3061.68
0.537316 -3061.46
0.550931 -3060.69
0.580134 -3061.07
0.525685 -3062.58
0.545904 -3060.9
0.576193 -3060.85
0.579551 -3061.03
0.554227 -3060.59
0.578412 -3060.96
0.599714 -3062.96
0.580447 -3061.09
0.54798 -3060.8
0.587153 -3061.59
0.536369 -3061.54
0.571467 -3060.66
0.544485 -3060.98
0.547185 -3060.84
0.583707 -3061.31
0.544588 -3060.97
0.587239 -3061.6
0.541849 -3061.14
0.574133 -3060.75
0.547705 -3060.82
0.602596 -3063.35
0.545394 -3060.93
0.571008 -3060.64
0.57985 -3061.05
0.536673 -3061.51
0.527852 -3062.34
0.578703 -3060.98
0.577426 -3060.91
0.577104 -3060.89
0.54751 -3060.83
0.555585 -3060.56
0.582325 -3061.21
0.575566 -3060.82
0.535427 -3061.61
0.537316 -3061.46
0.542345 -3061.11
0.570162 -3060.62
0.579818 -3061.05
0.545499 -3060.92
0.582857 -3061.25
0.575662 -3060.82
0.577237 -3060.9
0.539023 -3061.33
0.549664 -3060.73
0.58144 -3061.15
0.575638 -3060.82
0.577077 -3060.89
0.570131 -3060.62
0.554851 -3060.57
0.527283 -3062.4
0.543915 -3061.01
0.534628 -3061.68
0.576229 -3060.85
0.54242 -3061.1
0.573651 -3060.73
0.577383 -3060.91
0.542425 -3061.1
0.547446 -3060.83
0.547735 -3060.82
0.542923 -3061.07
0.544485 -3060.98
0.544588 -3060.97
0.547445 -3060.83
0.541337 -3061.17
0.584472 -3061.37
0.568432 -3060.57
0.569537 -3060.6
0.577936 -3060.94
0.550179 -3060.71
0.581418 -3061.15
0.543137 -3061.06
0.547745 -3060.81
0.542355 -3061.11
0.581333 -3061.14
0.551536 -3060.67
0.546802 -3060.86
0.547282 -3060.84
0.547817 -3060.81
0.543854 -3061.02
0.544588 -3060.97
0.547685 -3060.82
0.582949 -3061.26
0.544533 -3060.98
0.566672 -3060.54
0.546847 -3060.86
0.546806 -3060.86
0.540837 -3061.2
0.540592 -3061.22
0.541218 -3061.18
0.541209 -3061.18
0.544485 -3060.98
0.576963 -3060.89
0.546381 -3060.88
0.541849 -3061.14
0.552261 -3060.64
0.550768 -3060.69
0.545573 -3060.92
0.578337 -3060.96
0.555585 -3060.56
0.587528 -3061.62
0.576548 -3060.87
0.582325 -3061.21
0.534473 -3061.7
0.546871 -3060.86
0.582506 -3061.22
0.57985 -3061.05
0.582198 -3061.2
0.577215 -3060.9
0.582782 -3061.24
0.546936 -3060.85
0.577077 -3060.89
0.552554 -3060.63
0.536537 -3061.52
0.551478 -3060.67
0.573787 -3060.74
0.547534 -3060.82
0.549959 -3060.72
0.589925 -3061.84
0.578208 -3060.95
0.549945 -3060.72
0.583387 -3061.29
0.539157 -3061.32
0.536337 -3061.54
0.583143 -3061.27
0.537946 -3061.41
0.537006 -3061.48
0.551536 -3060.67
0.589357 -3061.79
0.550543 -3060.7
0.578605 -3060.98
0.583143 -3061.27
0.583844 -3061.32
0.584231 -3061.35
0.540369 -3061.24
0.547534 -3060.82
0.54229 -3061.11
0.542923 -3061.07
0.546039 -3060.9
0.542443 -3061.1
0.5372 -3061.47
0.583618 -3061.3
0.58043 -3061.08
0.554927 -3060.57
0.577281 -3060.9
0.571059 -3060.64
0.544588 -3060.97
0.544588 -3060.97
0.577215 -3060.9
0.572902 -3060.71
0.554933 -3060.57
0.57737 -3060.91
0.577137 -3060.9
0.57594 -3060.84
0.542345 -3061.11
0.581924 -3061.18
0.536537 -3061.52
0.546847 -3060.86
0.547185 -3060.84
0.546671 -3060.87
0.577137 -3060.9
0.534471 -3061.7
0.532735 -3061.85
0.577254 -3060.9
0.58144 -3061.15
0.570701 -3060.63
0.540824 -3061.2
0.539289 -3061.31
0.549267 -3060.75
0.585999 -3061.49
0.583569 -3061.3
0.542536 -3061.09
0.548035 -3060.8
0.54804 -3060.8
0.546666 -3060.87
0.546671 -3060.87
0.575566 -3060.82
0.543912 -3061.01
0.556421 -3060.54
0.54468 -3060.97
0.540662 -3061.22
0.541218 -3061.18
0.551478 -3060.67
0.589357 -3061.79
0.545515 -3060.92
0.572928 -3060.71
0.582325 -3061.21
0.54751 -3060.83
0.577383 -3060.91
0.569215 -3060.59
0.568428 -3060.57
0.549664 -3060.73
0.537592 -3061.44
0.576926 -3060.88
0.552128 -3060.65
0.542399 -3061.1
0.583831 -3061.32
0.57985 -3061.05
0.582325 -3061.21
0.575787 -3060.83
0.554679 -3060.58
0.53418 -3061.72
0.547326 -3060.83
0.545163 -3060.94
0.577957 -3060.94
0.53769 -3061.43
0.542923 -3061.07
0.57697 -3060.89
0.583061 -3061.26
0.541849 -3061.14
0.547877 -3060.81
0.53418 -3061.72
0.543215 -3061.05
0.544588 -3060.97
0.582487 -3061.22
0.556999 -3060.53
0.542094 -3061.12
0.56897 -3060.58
0.575563 -3060.82
0.541286 -3061.17
0.583618 -3061.3
0.542572 -3061.09
0.546509 -3060.87
0.545233 -3060.94
0.54749 -3060.83
0.57985 -3061.05
0.584132 -3061.34
0.545904 -3060.9
0.576418 -3060.86
0.554386 -3060.58
0.584968 -3061.41
0.542345 -3061.11
0.540837 -3061.2
0.582177 -3061.2
0.580411 -3061.08
0.540808 -3061.21
0.54419 -3061
0.531952 -3061.92
0.581319 -3061.14
0.542355 -3061.11
0.578077 -3060.95
0.577957 -3060.94
0.54751 -3060.83
0.579551 -3061.03
0.536982 -3061.49
0.575995 -3060.84
0.544004 -3061.01
0.54025 -3061.24
0.541448 -3061.16
0.546351 -3060.88
0.541051 -3061.19
0.573515 -3060.73
0.577957 -3060.94
0.581976 -3061.19
0.545479 -3060.93
0.545499 -3060.92
0.543808 -3061.02
0.544588 -3060.97
0.579125 -3061.01
0.576058 -3060.84
0.568432 -3060.57
0.546806 -3060.86
0.54795 -3060.81
0.545246 -3060.94
0.568019 -3060.56
0.590746 -3061.92
0.575662 -3060.82
0.568647 -3060.58
0.574767 -3060.78
0.581705 -3061.17
0.583075 -3061.26
0.550035 -3060.72
0.534471 -3061.7
0.579859 -3061.05
0.583453 -3061.29
0.553139 -3060.62
0.545863 -3060.91
0.557755 -3060.52
0.573504 -3060.73
0.557755 -3060.52
0.545548 -3060.92
0.556421 -3060.54
0.545548 -3060.92
0.542975 -3061.07
0.577383 -3060.91
0.574052 -3060.75
0.543912 -3061.01
0.541051 -3061.19
0.550259 -3060.71
0.542345 -3061.11
0.549065 -3060.76
0.531802 -3061.94
0.580663 -3061.1
0.577383 -3060.91
0.587323 -3061.6
0.544588 -3060.97
0.586799 -3061.56
0.58594 -3061.49
0.570967 -3060.64
0.539727 -3061.28
0.539157 -3061.32
0.57883 -3060.99
0.547798 -3060.81
0.547888 -3060.81
0.548095 -3060.8
0.545231 -3060.94
0.554679 -3060.58
0.557507 -3060.53
0.542443 -3061.1
0.581181 -3061.13
0.547817 -3060.81
0.58094 -3061.12
0.557409 -3060.53
0.542406 -3061.1
0.525831 -3062.56
0.590451 -3061.89
0.544588 -3060.97
0.566005 -3060.53
0.568838 -3060.58
0.545548 -3060.92
0.57985 -3061.05
0.573787 -3060.74
0.573232 -3060.72
0.536982 -3061.49
0.544102 -3061
0.577957 -3060.94
0.549229 -3060.75
0.551122 -3060.68
0.541337 -3061.17
0.544588 -3060.97
0.580356 -3061.08
0.577254 -3060.9
0.540837 -3061.2
0.554679 -3060.58
0.547282 -3060.84
0.543854 -3061.02
0.578531 -3060.97
0.555331 -3060.56
0.541601 -3061.15
0.582177 -3061.2
0.530029 -3062.11
0.543072 -3061.06
0.545548 -3060.92
0.546936 -3060.85
0.58463 -3061.38
0.543605 -3061.03
0.54242 -3061.1
0.567504 -3060.55
0.545548 -3060.92
0.546936 -3060.85
0.54795 -3060.81
0.587991 -3061.66
0.539274 -3061.31
0.536603 -3061.52
0.578153 -3060.95
0.544588 -3060.97
0.556254 -3060.55
0.583342 -3061.28
0.574983 -3060.79
0.530729 -3062.04
0.568171 -3060.57
0.545413 -3060.93
0.583618 -3061.3
0.555045 -3060.57
0.590746 -3061.92
0.590407 -3061.89
0.546871 -3060.86
0.57737 -3060.91
0.577281 -3060.9
0.59257 -3062.11
0.556371 -3060.54
0.581984 -3061.19
0.545018 -3060.95
0.549106 -3060.76
0.54468 -3060.97
0.583275 -3061.28
0.540211 -3061.25
0.540808 -3061.21
0.57465 -3060.78
0.54468 -3060.97
0.544004 -3061.01
0.577957 -3060.94
0.545904 -3060.9
0.550497 -3060.7
0.567185 -3060.55
0.546802 -3060.86
0.542355 -3061.11
0.551478 -3060.67
0.557634 -3060.52
0.534981 -3061.65
0.547957 -3060.81
0.571861 -3060.67
0.582142 -3061.2
0.588699 -3061.73
0.547881 -3060.81
0.534089 -3061.73
0.575995 -3060.84
0.57318 -3060.72
0.581319 -3061.14
0.575567 -3060.82
0.542045 -3061.12
0.543215 -3061.05
0.582325 -3061.21
0.547957 -3060.81
0.554679 -3060.58
0.589357 -3061.79
0.548035 -3060.8
0.577717 -3060.93
0.582345 -3061.21
0.582487 -3061.22
0.585747 -3061.47
0.555291 -3060.56
0.57329 -3060.72
0.536603 -3061.52
0.556651 -3060.54
0.546936 -3060.85
0.542963 -3061.07
0.57985 -3061.05
0.582142 -3061.2
0.533314 -3061.8
0.575705 -3060.82
0.577957 -3060.94
0.544696 -3060.97
0.570213 -3060.62
0.55661 -3060.54
0.590451 -3061.89
0.538212 -3061.39
0.549549 -3060.74
0.576548 -3060.87
0.541835 -3061.14
0.539631 -3061.29
0.553071 -3060.62
0.545163 -3060.94
0.536603 -3061.52
0.54751 -3060.83
0.577038 -3060.89
0.577039 -3060.89
0.580237 -3061.07
0.546671 -3060.87
0.537001 -3061.48
0.552996 -3060.62
0.537946 -3061.41
0.57928 -3061.01
0.572635 -3060.7
0.574297 -3060.76
0.547557 -3060.82
0.54545 -3060.93
0.552203 -3060.64
0.545991 -3060.9
0.544588 -3060.97
0.576418 -3060.86
0.572488 -3060.69
0.545779 -3060.91
0.549267 -3060.75
0.576876 -3060.88
0.582345 -3061.21
0.575566 -3060.82
0.569842 -3060.61
0.57697 -3060.89
0.541428 -3061.16
0.545056 -3060.95
0.582325 -3061.21
0.551562 -3060.67
0.576193 -3060.85
0.572883 -3060.71
0.578337 -3060.96
0.577237 -3060.9
0.575787 -3060.83
0.584523 -3061.37
0.55424 -3060.59
0.581333 -3061.14
0.576042 -3060.84
0.576926 -3060.88
0.566828 -3060.54
0.57985 -3061.05
0.547557 -3060.82
0.577617 -3060.92
0.546847 -3060.86
0.549664 -3060.73
0.58027 -3061.07
0.546806 -3060.86
0.544533 -3060.98
0.544588 -3060.97
0.541448 -3061.16
0.540837 -3061.2
0.568171 -3060.57
0.571686 -3060.66
0.545394 -3060.93
0.574133 -3060.75
0.544337 -3060.99
0.539594 -3061.29
0.54545 -3060.93
0.584523 -3061.37
0.541094 -3061.19
0.569897 -3060.61
0.581024 -3061.12
0.545995 -3060.9
0.542443 -3061.1
0.545018 -3060.95
0.587528 -3061.62
0.582691 -3061.24
0.576058 -3060.84
0.572725 -3060.7
0.572409 -3060.69
0.577625 -3060.92
0.541218 -3061.18
0.539157 -3061.32
0.541051 -3061.19
0.577281 -3060.9
0.556098 -3060.55
0.542116 -3061.12
0.546671 -3060.87
0.540595 -3061.22
0.582325 -3061.21
0.535018 -3061.65
0.579889 -3061.05
0.545548 -3060.92
0.551205 -3060.68
0.573183 -3060.72
0.538619 -3061.36
0.539231 -3061.32
0.547534 -3060.82
0.537337 -3061.46
0.550153 -3060.72
0.57783 -3060.93
0.552302 -3060.64
0.548579 -3060.78
0.577254 -3060.9
0.570993 -3060.64
0.576418 -3060.86
0.578077 -3060.95
0.547817 -3060.81
0.571372 -3060.65
0.578542 -3060.97
0.544184 -3061
0.546671 -3060.87
0.545721 -3060.91
0.547534 -3060.82
0.581815 -3061.18
0.539727 -3061.28
0.545242 -3060.94
0.54545 -3060.93
0.577957 -3060.94
0.550914 -3060.69
0.547445 -3060.83
0.530949 -3062.02
0.540326 -3061.24
0.541846 -3061.14
0.546847 -3060.86
0.541301 -3061.17
0.584621 -3061.38
0.571353 -3060.65
0.577957 -3060.94
0.540106 -3061.25
0.540808 -3061.21
0.544125 -3061
0.533408 -3061.79
0.544004 -3061.01
0.523076 -3062.89
0.555282 -3060.56
0.544213 -3060.99
0.571086 -3060.64
0.540211 -3061.25
0.589951 -3061.85
0.581181 -3061.13
0.567322 -3060.55
0.538846 -3061.34
0.575341 -3060.81
0.582262 -3061.21
0.544588 -3060.97
0.574315 -3060.76
0.542598 -3061.09
0.541346 -3061.17
0.583844 -3061.32
0.553603 -3060.6
0.546847 -3060.86
0.582008 -3061.19
0.579461 -3061.03
0.582177 -3061.2
0.581333 -3061.14
0.572088 -3060.68
0.575316 -3060.81
0.58094 -3061.12
0.582112 -3061.2
0.542572 -3061.09
0.546671 -3060.87
0.572088 -3060.68
0.547557 -3060.82
0.585104 -3061.42
0.533909 -3061.74
0.567185 -3060.55
0.580237 -3061.07
0.575566 -3060.82
0.547541 -3060.82
0.577383 -3060.91
0.539006 -3061.33
0.55519 -3060.57
0.546806 -3060.86
0.592142 -3062.07
0.544588 -3060.97
0.549945 -3060.72
0.567185 -3060.55
0.541286 -3061.17
0.547445 -3060.83
0.553903 -3060.6
0.580205 -3061.07
0.552302 -3060.64
0.57985 -3061.05
0.57588 -3060.83
0.541841 -3061.14
0.553639 -3060.6
0.57611 -3060.84
0.546936 -3060.85
0.548804 -3060.77
0.555291 -3060.56
0.580926 -3061.12
0.547984 -3060.8
0.540348 -3061.24
0.575662 -3060.82
0.582691 -3061.24
0.544588 -3060.97
0.575341 -3060.81
0.537946 -3061.41
0.544213 -3060.99
0.589005 -3061.76
0.581319 -3061.14
0.583707 -3061.31
0.54468 -3060.97
0.578816 -3060.99
0.55333 -3060.61
0.537554 -3061.44
0.54665 -3060.87
0.542935 -3061.07
0.532559 -3061.87
0.576418 -3060.86
0.581447 -3061.15
0.574767 -3060.78
0.576767 -3060.88
0.550356 -3060.71
0.553529 -3060.61
0.576809 -3060.88
0.555951 -3060.55
0.544485 -3060.98
0.553875 -3060.6
0.551562 -3060.67
0.546136 -3060.89
0.545413 -3060.93
0.547753 -3060.81
0.576094 -3060.84
0.58043 -3061.08
0.586816 -3061.56
0.544588 -3060.97
0.535226 -3061.63
0.544588 -3060.97
0.548356 -3060.79
0.542412 -3061.1
0.582177 -3061.2
0.532936 -3061.83
0.553272 -3060.61
0.545413 -3060.93
0.546509 -3060.87
0.553071 -3060.62
0.543215 -3061.05
0.575662 -3060.82
0.545991 -3060.9
0.57523 -3060.8
0.578745 -3060.98
0.582691 -3061.24
0.578714 -3060.98
0.540993 -3061.19
0.539006 -3061.33
0.57588 -3060.83
0.542399 -3061.1
0.5317 -3061.95
0.545548 -3060.92
0.578153 -3060.95
0.579323 -3061.02
0.580411 -3061.08
0.545548 -3060.92
0.573788 -3060.74
0.576236 -3060.85
0.553094 -3060.62
0.577383 -3060.91
0.583143 -3061.27
0.531869 -3061.93
0.550153 -3060.72
0.54285 -3061.07
0.57202 -3060.67
0.565986 -3060.53
0.57594 -3060.84
0.540919 -3061.2
0.570701 -3060.63
0.576809 -3060.88
0.547032 -3060.85
0.573515 -3060.73
0.54804 -3060.8
0.566729 -3060.54
0.575791 -3060.83
0.545233 -3060.94
0.547445 -3060.83
0.546286 -3060.88
0.58094 -3061.12
0.584766 -3061.39
0.571861 -3060.67
0.549166 -3060.75
0.543776 -3061.02
0.544004 -3061.01
0.536673 -3061.51
0.578471 -3060.97
0.567448 -3060.55
0.544588 -3060.97
0.54242 -3061.1
0.535018 -3061.65
0.557507 -3060.53
0.544004 -3061.01
0.537942 -3061.41
0.547625 -3060.82
0.544004 -3061.01
0.584144 -3061.34
0.543161 -3061.06
0.547 -3060.85
0.578917 -3060.99
0.536537 -3061.52
0.583032 -3061.26
0.547534 -3060.82
0.584125 -3061.34
0.580526 -3061.09
0.544485 -3060.98
0.547108 -3060.84
0.576371 -3060.86
0.542355 -3061.11
0.58594 -3061.49
0.542355 -3061.11
0.549959 -3060.72
0.587097 -3061.58
0.534628 -3061.68
0.575246 -3060.8
0.579259 -3061.01
0.546671 -3060.87
0.580389 -3061.08
0.577957 -3060.94
0.541218 -3061.18
0.576418 -3060.86
0.547984 -3060.8
0.550887 -3060.69
0.583618 -3061.3
0.540324 -3061.24
0.537946 -3061.41
0.575156 -3060.8
0.577215 -3060.9
0.579554 -3061.03
0.55126 -3060.68
0.542923 -3061.07
0.576094 -3060.84
0.549048 -3060.76
0.540206 -3061.25
0.579077 -3061
0.566411 -3060.53
0.571745 -3060.66
0.566882 -3060.54
0.577383 -3060.91
0.573504 -3060.73
0.57594 -3060.84
0.547817 -3060.81
0.575566 -3060.82
0.545573 -3060.92
0.541218 -3061.18
0.577957 -3060.94
0.575995 -3060.84
0.576198 -3060.85
0.542975 -3061.07
0.538869 -3061.34
0.584047 -3061.34
0.570735 -3060.63
0.577936 -3060.94
0.583569 -3061.3
0.549813 -3060.73
0.582142 -3061.2
0.53511 -3061.64
0.53913 -3061.32
0.566816 -3060.54
0.546509 -3060.87
0.543549 -3061.03
0.571861 -3060.67
0.55177 -3060.66
0.541428 -3061.16
0.540833 -3061.2
0.54804 -3060.8
0.544588 -3060.97
0.573372 -3060.72
0.540932 -3061.2
0.54025 -3061.24
0.541826 -3061.14
0.57611 -3060.84
0.556415 -3060.54
0.540808 -3061.21
0.581333 -3061.14
0.58241 -3061.22
0.568647 -3060.58
0.583831 -3061.32
0.547557 -3060.82
0.582977 -3061.26
0.539255 -3061.31
0.58094 -3061.12
0.539739 -3061.28
0.54242 -3061.1
0.544337 -3060.99
0.584047 -3061.34
0.544125 -3061
0.579044 -3061
0.577957 -3060.94
0.541218 -3061.18
0.58043 -3061.08
0.577281 -3060.9
0.580447 -3061.09
0.545394 -3060.93
0.547445 -3060.83
0.58043 -3061.08
0.575995 -3060.84
0.571078 -3060.64
0.550157 -3060.71
0.533607 -3061.77
0.58094 -3061.12
0.54545 -3060.93
0.583822 -3061.32
0.538731 -3061.35
0.567573 -3060.55
0.5372 -3061.47
0.545991 -3060.9
0.541448 -3061.16
0.581418 -3061.15
0.57985 -3061.05
0.575566 -3060.82
0.581705 -3061.17
0.587918 -3061.66
0.570131 -3060.62
0.547445 -3060.83
0.568373 -3060.57
0.575995 -3060.84
0.569171 -3060.59
0.551122 -3060.68
0.582045 -3061.19
0.546806 -3060.86
0.577215 -3060.9
0.539041 -3061.33
0.543605 -3061.03
0.54454 -3060.98
0.546666 -3060.87
0.584556 -3061.38
0.544004 -3061.01
0.567846 -3060.56
0.545233 -3060.94
0.546936 -3060.85
0.553019 -3060.62
0.570507 -3060.63
0.589357 -3061.79
0.582857 -3061.25
0.580218 -3061.07
0.568677 -3060.58
0.534089 -3061.73
0.54545 -3060.93
0.536537 -3061.52
0.578337 -3060.96
0.541218 -3061.18
0.542834 -3061.08
0.545904 -3060.9
0.545548 -3060.92
0.567227 -3060.55
0.590539 -3061.9
0.552996 -3060.62
0.577281 -3060.9
0.542355 -3061.11
0.531163 -3062
0.545904 -3060.9
0.555382 -3060.56
0.543912 -3061.01
0.573715 -3060.74
0.549528 -3060.74
0.55177 -3060.66
0.577987 -3060.94
0.586525 -3061.54
0.541849 -3061.14
0.541563 -3061.16
0.571059 -3060.64
0.543569 -3061.03
0.57825 -3060.96
0.547705 -3060.82
0.541448 -3061.16
0.582896 -3061.25
0.554748 -3060.58
0.577026 -3060.89
0.572362 -3060.69
0.583061 -3061.26
0.573361 -3060.72
0.575804 -3060.83
0.578917 -3060.99
0.570691 -3060.63
0.539239 -3061.32
0.576094 -3060.84
0.547482 -3060.83
0.546106 -3060.89
0.540326 -3061.24
0.543776 -3061.02
0.548035 -3060.8
0.577936 -3060.94
0.576224 -3060.85
0.579504 -3061.03
0.529747 -3062.14
0.587859 -3061.65
0.544485 -3060.98
0.547446 -3060.83
0.537678 -3061.43
0.582008 -3061.19
0.540211 -3061.25
0.543137 -3061.06
0.539157 -3061.32
0.577237 -3060.9
0.574133 -3060.75
0.576976 -3060.89
0.578337 -3060.96
0.576809 -3060.88
0.575566 -3060.82
0.582177 -3061.2
0.579259 -3061.01
0.573651 -3060.73
0.577957 -3060.94
0.590746 -3061.92
0.538212 -3061.39
0.542935 -3061.07
0.580755 -3061.11
0.551411 -3060.67
0.543791 -3061.02
0.540369 -3061.24
0.547753 -3060.81
0.580578 -3061.09
0.581684 -3061.17
0.547753 -3060.81
0.586664 -3061.55
0.579012 -3061
0.550153 -3060.72
0.547817 -3060.81
0.547809 -3060.81
0.586085 -3061.5
0.553946 -3060.6
0.534444 -3061.7
0.546432 -3060.88
0.579046 -3061
0.576418 -3060.86
0.538942 -3061.34
0.577373 -3060.91
0.582198 -3061.2
0.54468 -3060.97
0.547445 -3060.83
0.531869 -3061.93
0.544588 -3060.97
0.547108 -3060.84
0.568373 -3060.57
0.536337 -3061.54
0.545233 -3060.94
0.539226 -3061.32
0.545548 -3060.92
0.574041 -3060.75
0.527341 -3062.4
0.543912 -3061.01
0.547817 -3060.81
0.540986 -3061.19
0.545991 -3060.9
0.579109 -3061
0.547625 -3060.82
0.575995 -3060.84
0.568201 -3060.57
0.57985 -3061.05
0.587528 -3061.62
0.534016 -3061.74
0.587955 -3061.66
0.537061 -3061.48
0.545557 -3060.92
0.544588 -3060.97
0.536537 -3061.52
0.572928 -3060.71
0.534297 -3061.71
0.54468 -3060.97
0.541218 -3061.18
0.546666 -3060.87
0.58043 -3061.08
0.580389 -3061.08
0.544422 -3060.98
0.547676 -3060.82
0.541877 -3061.14
0.540051 -3061.26
0.581705 -3061.17
0.567992 -3060.56
0.568446 -3060.57
0.546381 -3060.88
0.578077 -3060.95
0.540206 -3061.25
0.579323 -3061.02
0.582177 -3061.2
0.542975 -3061.07
0.543791 -3061.02
0.541094 -3061.19
0.574785 -3060.78
0.580526 -3061.09
0.581333 -3061.14
0.581447 -3061.15
0.544337 -3060.99
0.546509 -3060.87
0.580578 -3061.09
0.576418 -3060.86
0.555158 -3060.57
0.544588 -3060.97
0.540051 -3061.26
0.545904 -3060.9
0.556421 -3060.54
0.580389 -3061.08
0.567573 -3060.55
0.582932 -3061.25
0.546982 -3060.85
0.575156 -3060.8
0.575662 -3060.82
0.550863 -3060.69
0.578917 -3060.99
0.581705 -3061.17
0.545434 -3060.93
0.57594 -3060.84
0.540106 -3061.25
0.541051 -3061.19
0.542345 -3061.11
0.57783 -3060.93
0.53861 -3061.36
0.547817 -3060.81
0.591135 -3061.96
0.573306 -3060.72
0.555436 -3060.56
0.544588 -3060.97
0.541051 -3061.19
0.557594 -3060.52
0.568647 -3060.58
0.55126 -3060.68
0.556421 -3060.54
0.552302 -3060.64
0.577254 -3060.9
0.583061 -3061.26
0.58094 -3061.12
0.541301 -3061.17
0.57985 -3061.05
0.538922 -3061.34
0.533396 -3061.79
0.545941 -3060.9
0.540993 -3061.19
0.577383 -3060.91
0.55395 -3060.6
0.575566 -3060.82
0.582782 -3061.24
0.578143 -3060.95
0.577957 -3060.94
0.547753 -3060.81
0.582325 -3061.21
0.577957 -3060.94
0.578745 -3060.98
0.547735 -3060.82
0.539274 -3061.31
0.552669 -3060.63
0.546583 -3060.87
0.546671 -3060.87
0.539157 -3061.32
0.576682 -3060.87
0.587351 -3061.61
0.556421 -3060.54
0.580356 -3061.08
0.546936 -3060.85
0.55378 -3060.6
0.578412 -3060.96
0.580578 -3061.09
0.581447 -3061.15
0.553974 -3060.59
0.548086 -3060.8
0.552302 -3060.64
0.583032 -3061.26
0.590746 -3061.92
0.546592 -3060.87
0.547108 -3060.84
0.57985 -3061.05
0.546561 -3060.87
0.542975 -3061.07
0.547817 -3060.81
0.568171 -3060.57
0.5372 -3061.47
0.575567 -3060.82
0.549048 -3060.76
0.539072 -3061.33
0.541732 -3061.14
0.551478 -3060.67
0.579109 -3061
0.549813 -3060.73
0.541094 -3061.19
0.576236 -3060.85
0.576767 -3060.88
0.576682 -3060.87
0.577026 -3060.89
0.582492 -3061.22
0.57985 -3061.05
0.590539 -3061.9
0.576809 -3060.88
0.578367 -3060.96
0.544004 -3061.01
0.541846 -3061.14
0.575147 -3060.8
0.535467 -3061.61
0.578629 -3060.98
0.587134 -3061.59
0.547445 -3060.83
0.538619 -3061.36
0.568373 -3060.57
0.540348 -3061.24
0.542598 -3061.09
0.580663 -3061.1
0.540146 -3061.25
0.545018 -3060.95
0.535126 -3061.64
0.565686 -3060.52
0.54242 -3061.1
0.580237 -3061.07
0.547445 -3060.83
0.56981 -3060.61
0.572928 -3060.71
0.577281 -3060.9
0.544082 -3061
0.545515 -3060.92
0.587528 -3061.62
0.575662 -3060.82
0.553969 -3060.59
0.554748 -3060.58
0.545232 -3060.94
0.573361 -3060.72
0.582177 -3061.2
0.577281 -3060.9
0.544004 -3061.01
0.58241 -3061.22
0.549299 -3060.75
0.54101 -3061.19
0.567185 -3060.55
0.541846 -3061.14
0.544588 -3060.97
0.545548 -3060.92
0.542406 -3061.1
0.545499 -3060.92
0.545548 -3060.92
0.544588 -3060.97
0.544485 -3060.98
0.586793 -3061.56
0.574767 -3060.78
0.546063 -3060.9
0.545904 -3060.9
0.554227 -3060.59
0.576761 -3060.88
0.538869 -3061.34
0.540051 -3061.26
0.540662 -3061.22
0.581226 -3061.14
0.546847 -3060.86
0.57985 -3061.05
0.546276 -3060.88
0.589951 -3061.85
0.545548 -3060.92
0.583844 -3061.32
0.554851 -3060.57
0.544004 -3061.01
0.582262 -3061.21
0.541368 -3061.17
0.577957 -3060.94
0.555382 -3060.56
0.57594 -3060.84
0.538619 -3061.36
0.57985 -3061.05
0.540808 -3061.21
0.539795 -3061.28
0.578434 -3060.97
0.580194 -3061.07
0.554283 -3060.59
0.573651 -3060.73
0.541846 -3061.14
0.545056 -3060.95
0.581333 -3061.14
0.580233 -3061.07
0.576149 -3060.85
0.59237 -3062.09
0.537229 -3061.47
0.531952 -3061.92
0.5372 -3061.47
0.576058 -3060.84
0.546847 -3060.86
0.5372 -3061.47
0.568511 -3060.57
0.545233 -3060.94
0.538655 -3061.36
0.575566 -3060.82
0.544485 -3060.98
0.540595 -3061.22
0.578714 -3060.98
0.57783 -3060.93
0.541278 -3061.17
0.583966 -3061.33
0.58094 -3061.12
0.526953 -3062.44
0.544588 -3060.97
0.54804 -3060.8
0.577444 -3060.91
0.568496 -3060.57
0.543912 -3061.01
0.586085 -3061.5
0.583862 -3061.32
0.577008 -3060.89
0.543144 -3061.06
0.546806 -3060.86
0.538619 -3061.36
0.547817 -3060.81
0.534895 -3061.66
0.580944 -3061.12
0.540276 -3061.24
0.541167 -3061.18
0.529747 -3062.14
0.554679 -3060.58
0.550863 -3060.69
0.576418 -3060.86
0.580134 -3061.07
0.53743 -3061.45
0.54468 -3060.97
0.58027 -3061.07
0.544588 -3060.97
0.54468 -3060.97
0.582932 -3061.25
0.579818 -3061.05
0.5317 -3061.95
0.544588 -3060.97
0.534444 -3061.7
0.555767 -3060.55
0.580447 -3061.09
0.553946 -3060.6
0.546671 -3060.87
0.578153 -3060.95
0.544125 -3061
0.545941 -3060.9
0.588403 -3061.7
0.579859 -3061.05
0.539157 -3061.32
0.541846 -3061.14
0.544588 -3060.97
0.532735 -3061.85
0.578377 -3060.96
0.555472 -3060.56
0.539751 -3061.28
0.547798 -3060.81
0.582045 -3061.19
0.552203 -3060.64
0.574086 -3060.75
0.553019 -3060.62
0.575995 -3060.84
0.544588 -3060.97
0.544588 -3060.97
0.544886 -3060.96
0.538736 -3061.35
0.578114 -3060.95
0.584047 -3061.34
0.543014 -3061.06
0.544886 -3060.96
0.579551 -3061.03
0.543776 -3061.02
0.577281 -3060.9
0.532936 -3061.83
0.540106 -3061.25
0.539856 -3061.27
0.541448 -3061.16
0.540324 -3061.24
0.541448 -3061.16
0.545233 -3060.94
0.574983 -3060.79
0.569027 -3060.59
0.540457 -3061.23
0.537084 -3061.48
0.538076 -3061.4
0.539157 -3061.32
0.545548 -3060.92
0.542345 -3061.11
0.576666 -3060.87
0.555185 -3060.57
0.579551 -3061.03
0.587239 -3061.6
0.534354 -3061.71
0.581984 -3061.19
0.540662 -3061.22
0.545163 -3060.94
0.544588 -3060.97
0.538922 -3061.34
0.587351 -3061.61
0.542412 -3061.1
0.574912 -3060.79
0.528831 -3062.24
0.582008 -3061.19
0.547705 -3060.82
0.584132 -3061.34
0.545548 -3060.92
0.55661 -3060.54
0.545056 -3060.95
0.54285 -3061.07
0.548035 -3060.8
0.555291 -3060.56
0.577237 -3060.9
0.547817 -3060.81
0.571686 -3060.66
0.538942 -3061.34
0.542524 -3061.09
0.547017 -3060.85
0.578377 -3060.96
0.583061 -3061.26
0.534473 -3061.7
0.541218 -3061.18
0.584968 -3061.41
0.580447 -3061.09
0.547817 -3060.81
0.586664 -3061.55
0.575566 -3060.82
0.544485 -3060.98
0.540206 -3061.25
0.57491 -3060.79
0.586611 -3061.54
0.550583 -3060.7
0.544337 -3060.99
0.576403 -3060.86
0.540343 -3061.24
0.572488 -3060.69
0.545233 -3060.94
0.533937 -3061.74
0.571086 -3060.64
0.577003 -3060.89
0.577559 -3060.92
0.577444 -3060.91
0.578208 -3060.95
0.55444 -3060.58
0.580233 -3061.07
0.578843 -3060.99
0.567213 -3060.55
0.547817 -3060.81
0.583382 -3061.29
0.537942 -3061.41
0.580389 -3061.08
0.57985 -3061.05
0.550178 -3060.71
0.583143 -3061.27
0.545573 -3060.92
0.545548 -3060.92
0.576963 -3060.89
0.576198 -3060.85
0.540106 -3061.25
0.576224 -3060.85
0.583844 -3061.32
0.540369 -3061.24
0.543014 -3061.06
0.577717 -3060.93
0.547282 -3060.84
0.547648 -3060.82
0.585773 -3061.47
0.544588 -3060.97
0.541563 -3061.16
0.566729 -3060.54
0.54749 -3060.83
0.579125 -3061.01
0.552377 -3060.64
0.578572 -3060.97
0.585795 -3061.47
0.567322 -3060.55
0.557535 -3060.53
0.583481 -3061.29
0.58594 -3061.49
0.548035 -3060.8
0.538869 -3061.34
0.578208 -3060.95
0.569743 -3060.6
0.539631 -3061.29
0.541428 -3061.16
0.582977 -3061.26
0.527341 -3062.4
0.573413 -3060.73
0.567227 -3060.55
0.541205 -3061.18
0.566285 -3060.53
0.569566 -3060.6
0.585104 -3061.42
0.547445 -3060.83
0.581333 -3061.14
0.572928 -3060.71
0.568019 -3060.56
0.544588 -3060.97
0.565824 -3060.53
0.572362 -3060.69
0.546671 -3060.87
0.571353 -3060.65
0.547185 -3060.84
0.546561 -3060.87
0.545536 -3060.92
0.54242 -3061.1
0.545904 -3060.9
0.542345 -3061.11
0.574667 -3060.78
0.545233 -3060.94
0.553277 -3060.61
0.573651 -3060.73
0.580218 -3061.07
0.576149 -3060.85
0.546737 -3060.86
0.532525 -3061.87
0.535395 -3061.62
0.581333 -3061.14
0.555045 -3060.57
0.570869 -3060.64
0.575771 -3060.83
0.568373 -3060.57
0.55126 -3060.68
0.576963 -3060.89
0.553139 -3060.62
0.544485 -3060.98
0.568348 -3060.57
0.580663 -3061.1
0.576548 -3060.87
0.534171 -3061.72
0.577137 -3060.9
0.582325 -3061.21
0.580411 -3061.08
0.574086 -3060.75
0.541051 -3061.19
0.545413 -3060.93
0.541849 -3061.14
0.584556 -3061.38
0.543717 -3061.02
0.547282 -3060.84
0.538619 -3061.36
0.58094 -3061.12
0.568373 -3060.57
0.544696 -3060.97
0.577281 -3060.9
0.583061 -3061.26
0.544545 -3060.98
0.570131 -3060.62
0.568019 -3060.56
0.57588 -3060.83
0.547752 -3060.81
0.578531 -3060.97
0.542731 -3061.08
0.577559 -3060.92
0.572048 -3060.68
0.547817 -3060.81
0.544485 -3060.98
0.572488 -3060.69
0.541601 -3061.15
0.54665 -3060.87
0.573651 -3060.73
0.58043 -3061.08
0.567529 -3060.55
0.541337 -3061.17
0.582325 -3061.21
0.584766 -3061.39
0.546936 -3060.85
0.542345 -3061.11
0.544283 -3060.99
0.54545 -3060.93
0.541094 -3061.19
0.541286 -3061.17
0.544588 -3060.97
0.545394 -3060.93
0.545904 -3060.9
0.543215 -3061.05
0.539231 -3061.32
0.541349 -3061.17
0.578143 -3060.95
0.582691 -3061.24
0.550514 -3060.7
0.551915 -3060.65
0.546561 -3060.87
0.54211 -3061.12
0.524032 -3062.77
0.547445 -3060.83
0.579363 -3061.02
0.575566 -3060.82
0.548095 -3060.8
0.578077 -3060.95
0.537946 -3061.41
0.542253 -3061.11
0.535638 -3061.6
0.531174 -3062
0.54419 -3061
0.538922 -3061.34
0.539727 -3061.28
0.580237 -3061.07
0.537678 -3061.43
0.58322 -3061.28
0.573035 -3060.71
0.533224 -3061.81
0.582112 -3061.2
0.576198 -3060.85
0.57985 -3061.05
0.544213 -3060.99
0.535691 -3061.59
0.589112 -3061.77
0.555585 -3060.56
0.569549 -3060.6
0.542935 -3061.07
0.550931 -3060.69
0.546953 -3060.85
0.544485 -3060.98
0.576371 -3060.86
0.534089 -3061.73
0.542598 -3061.09
0.576761 -3060.88
0.541051 -3061.19
0.578917 -3060.99
0.594271 -3062.3
0.541846 -3061.14
0.587528 -3061.62
0.570162 -3060.62
0.577026 -3060.89
0.580099 -3061.06
0.547446 -3060.83
0.544485 -3060.98
0.540457 -3061.23
0.581181 -3061.13
0.578153 -3060.95
0.541074 -3061.19
0.5238 -3062.8
0.575791 -3060.83
0.548244 -3060.79
0.534895 -3061.66
0.577936 -3060.94
0.578917 -3060.99
0.578983 -3061
0.567185 -3060.55
0.577936 -3060.94
0.549267 -3060.75
0.569566 -3060.6
0.583275 -3061.28
0.545036 -3060.95
0.542275 -3061.11
0.575662 -3060.82
0.541846 -3061.14
0.576236 -3060.85
0.58043 -3061.08
0.578377 -3060.96
0.540051 -3061.26
0.542406 -3061.1
0.541094 -3061.19
0.577039 -3060.89
0.571008 -3060.64
0.541835 -3061.14
0.544588 -3060.97
0.571008 -3060.64
0.541849 -3061.14
0.544533 -3060.98
0.554969 -3060.57
0.547541 -3060.82
0.546847 -3060.86
0.590451 -3061.89
0.544533 -3060.98
0.546806 -3060.86
0.555528 -3060.56
0.576372 -3060.86
0.582631 -3061.23
0.577383 -3060.91
0.576198 -3060.85
0.567009 -3060.54
0.580194 -3061.07
0.542935 -3061.07
0.59237 -3062.09
0.578153 -3060.95
0.577383 -3060.91
0.577625 -3060.92
0.575987 -3060.84
0.571336 -3060.65
0.577498 -3060.91
0.577383 -3060.91
0.550153 -3060.72
0.534981 -3061.65
0.546802 -3060.86
0.538385 -3061.38
0.575567 -3060.82
0.578367 -3060.96
0.585795 -3061.47
0.54242 -3061.1
0.541177 -3061.18
0.536603 -3061.52
0.544588 -3060.97
0.579504 -3061.03
0.544886 -3060.96
0.577555 -3060.92
0.550143 -3060.72
0.556008 -3060.55
0.544588 -3060.97
0.576809 -3060.88
0.546936 -3060.85
0.58144 -3061.15
0.546009 -3060.9
0.566166 -3060.53
0.575662 -3060.82
0.542245 -3061.11
0.546802 -3060.86
0.56981 -3060.61
0.545479 -3060.93
0.575249 -3060.8
0.548942 -3060.76
0.543854 -3061.02
0.575566 -3060.82
0.581319 -3061.14
0.546583 -3060.87
0.545548 -3060.92
0.520904 -3063.16
0.575572 -3060.82
0.553749 -3060.6
0.582631 -3061.23
0.547534 -3060.82
0.550024 -3060.72
0.542536 -3061.09
0.579551 -3061.03
0.542345 -3061.11
0.535018 -3061.65
0.549664 -3060.73
0.554481 -3060.58
0.539006 -3061.33
0.539751 -3061.28
0.537006 -3061.48
0.542975 -3061.07
0.553294 -3060.61
0.538685 -3061.36
0.583032 -3061.26
0.571008 -3060.64
0.575566 -3060.82
0.547067 -3060.85
0.571686 -3060.66
0.588403 -3061.7
0.547817 -3060.81
0.575247 -3060.8
0.583844 -3061.32
0.58043 -3061.08
0.593622 -3062.22
0.547817 -3060.81
0.579859 -3061.05
0.580447 -3061.09
0.52782 -3062.34
0.544588 -3060.97
0.574109 -3060.75
0.534927 -3061.66
0.545557 -3060.92
0.578826 -3060.99
0.534895 -3061.66
0.54804 -3060.8
0.539072 -3061.33
0.589357 -3061.79
0.546509 -3060.87
0.568217 -3060.57
0.579551 -3061.03
0.537006 -3061.48
0.549664 -3060.73
0.553946 -3060.6
0.582262 -3061.21
0.577741 -3060.93
0.574086 -3060.75
0.577957 -3060.94
0.556102 -3060.55
0.547488 -3060.83
0.571059 -3060.64
0.542694 -3061.08
0.555585 -3060.56
0.572547 -3060.69
0.541094 -3061.19
0.54312 -3061.06
0.541074 -3061.19
0.544588 -3060.97
0.581705 -3061.17
0.565986 -3060.53
0.577215 -3060.9
0.582691 -3061.24
0.574601 -3060.77
0.583032 -3061.26
0.545548 -3060.92
0.577215 -3060.9
0.58043 -3061.08
0.575787 -3060.83
0.574983 -3060.79
0.577906 -3060.94
0.567809 -3060.56
0.5372 -3061.47
0.54242 -3061.1
0.572576 -3060.69
0.537896 -3061.42
0.579551 -3061.03
0.54015 -3061.25
0.550153 -3060.72
0.573361 -3060.72
0.543854 -3061.02
0.547445 -3060.83
0.532936 -3061.83
0.579818 -3061.05
0.542923 -3061.07
0.584132 -3061.34
0.585104 -3061.42
0.545941 -3060.9
0.575662 -3060.82
0.535654 -3061.59
0.540348 -3061.24
0.59482 -3062.36
0.583342 -3061.28
0.555158 -3060.57
0.576767 -3060.88
0.540808 -3061.21
0.543791 -3061.02
0.580218 -3061.07
0.538076 -3061.4
0.576149 -3060.85
0.547881 -3060.81
0.542572 -3061.09
0.577237 -3060.9
0.547714 -3060.82
0.579044 -3061
0.543882 -3061.01
0.554748 -3060.58
0.570701 -3060.63
0.533087 -3061.82
0.545557 -3060.92
0.537528 -3061.44
0.545548 -3060.92
0.546063 -3060.9
0.567448 -3060.55
0.545573 -3060.92
0.577559 -3060.92
0.575995 -3060.84
0.544588 -3060.97
0.578143 -3060.95
0.57697 -3060.89
0.541094 -3061.19
0.547817 -3060.81
0.583522 -3061.3
0.547705 -3060.82
0.546802 -3060.86
0.543791 -3061.02
0.541846 -3061.14
0.579012 -3061
0.586611 -3061.54
0.542345 -3061.11
0.536337 -3061.54
0.554969 -3060.57
0.546063 -3060.9
0.537946 -3061.41
0.584766 -3061.39
0.554679 -3060.58
0.577383 -3060.91
0.574785 -3060.78
0.582977 -3061.26
0.545536 -3060.92
0.538846 -3061.34
0.542275 -3061.11
0.580814 -3061.11
0.58057 -3061.09
0.549267 -3060.75
0.544588 -3060.97
0.576767 -3060.88
0.587122 -3061.59
0.58759 -3061.63
0.542834 -3061.08
0.571077 -3060.64
0.547714 -3060.82
0.543915 -3061.01
0.580237 -3061.07
0.550179 -3060.71
0.584472 -3061.37
0.541846 -3061.14
0.545548 -3060.92
0.545941 -3060.9
0.576418 -3060.86
0.583402 -3061.29
0.577806 -3060.93
0.555767 -3060.55
0.578153 -3060.95
0.527341 -3062.4
0.545991 -3060.9
0.549229 -3060.75
0.543854 -3061.02
0.549299 -3060.75
0.542935 -3061.07
0.574634 -3060.78
0.556421 -3060.54
0.584766 -3061.39
0.546802 -3060.86
0.542116 -3061.12
0.544004 -3061.01
0.582008 -3061.19
0.546806 -3060.86
0.571861 -3060.67
0.55648 -3060.54
0.541167 -3061.18
0.578655 -3060.98
0.572653 -3060.7
0.580389 -3061.08
0.540808 -3061.21
0.576901 -3060.88
0.535427 -3061.61
0.582177 -3061.2
0.535427 -3061.61
0.540932 -3061.2
0.547817 -3060.81
0.540051 -3061.26
0.540993 -3061.19
0.549299 -3060.75
0.57737 -3060.91
0.54065 -3061.22
0.574041 -3060.75
0.577617 -3060.92
0.582177 -3061.2
0.5347 -3061.68
0.568511 -3060.57
0.547753 -3060.81
0.541205 -3061.18
0.578489 -3060.97
0.578517 -3060.97
0.556805 -3060.54
0.575638 -3060.82
0.591189 -3061.97
0.573787 -3060.74
0.575949 -3060.84
0.540808 -3061.21
0.552554 -3060.63
0.582782 -3061.24
0.545904 -3060.9
0.56965 -3060.6
0.574133 -3060.75
0.58057 -3061.09
0.532735 -3061.85
0.53418 -3061.72
0.546802 -3060.86
0.557042 -3060.53
0.54454 -3060.98
0.552171 -3060.65
0.540833 -3061.2
0.544588 -3060.97
0.546737 -3060.86
0.585747 -3061.47
0.579576 -3061.03
0.555318 -3060.56
0.567846 -3060.56
0.550143 -3060.72
0.576058 -3060.84
0.579504 -3061.03
0.581705 -3061.17
0.544533 -3060.98
0.552554 -3060.63
0.573183 -3060.72
0.567979 -3060.56
0.586546 -3061.54
0.580356 -3061.08
0.554679 -3060.58
0.544588 -3060.97
0.535588 -3061.6
0.573183 -3060.72
0.570869 -3060.64
0.572928 -3060.71
0.543808 -3061.02
0.579363 -3061.02
0.567144 -3060.55
0.575566 -3060.82
0.581024 -3061.12
0.544004 -3061.01
0.582198 -3061.2
0.544545 -3060.98
0.550908 -3060.69
0.556421 -3060.54
0.545548 -3060.92
0.542275 -3061.11
0.55661 -3060.54
0.574219 -3060.76
0.578259 -3060.96
0.555291 -3060.56
0.572902 -3060.71
0.584047 -3061.34
0.540457 -3061.23
0.567199 -3060.55
0.577383 -3060.91
0.578714 -3060.98
0.572902 -3060.71
0.579077 -3061
0.547232 -3060.84
0.577185 -3060.9
0.546847 -3060.86
0.57737 -3060.91
0.589357 -3061.79
0.580814 -3061.11
0.57985 -3061.05
0.578542 -3060.97
0.578113 -3060.95
0.578629 -3060.98
0.568373 -3060.57
0.576198 -3060.85
0.547735 -3060.82
0.591116 -3061.96
0.532735 -3061.85
0.547445 -3060.83
0.544588 -3060.97
0.577383 -3060.91
0.553094 -3060.62
0.575341 -3060.81
0.585498 -3061.45
0.576058 -3060.84
0.577617 -3060.92
0.568513 -3060.57
0.580129 -3061.07
0.539626 -3061.29
0.526474 -3062.49
0.577081 -3060.89
0.540206 -3061.25
0.553277 -3060.61
0.541877 -3061.14
0.544485 -3060.98
0.547888 -3060.81
0.553903 -3060.6
0.546583 -3060.87
0.58043 -3061.08
0.583844 -3061.32
0.580447 -3061.09
0.570162 -3060.62
0.59052 -3061.9
0.541286 -3061.17
0.540369 -3061.24
0.546847 -3060.86
0.544588 -3060.97
0.577383 -3060.91
0.578703 -3060.98
0.547282 -3060.84
0.553071 -3060.62
0.580792 -3061.11
0.539739 -3061.28
0.543569 -3061.03
0.547032 -3060.85
0.546164 -3060.89
0.54804 -3060.8
0.579363 -3061.02
0.545233 -3060.94
0.542935 -3061.07
0.545231 -3060.94
0.567144 -3060.55
0.575995 -3060.84
0.540206 -3061.25
0.544588 -3060.97
0.53769 -3061.43
0.542355 -3061.11
0.54242 -3061.1
0.57985 -3061.05
0.585104 -3061.42
0.549664 -3060.73
0.575328 -3060.81
0.54285 -3061.07
0.576013 -3060.84
0.54003 -3061.26
0.577957 -3060.94
0.569537 -3060.6
0.583862 -3061.32
0.578703 -3060.98
0.543014 -3061.06
0.584132 -3061.34
0.576236 -3060.85
0.55395 -3060.6
0.571008 -3060.64
0.57231 -3060.68
0.545875 -3060.91
0.544468 -3060.98
0.536337 -3061.54
0.541094 -3061.19
0.58094 -3061.12
0.545548 -3060.92
0.576963 -3060.89
0.554404 -3060.58
0.554473 -3060.58
0.543776 -3061.02
0.573361 -3060.72
0.549959 -3060.72
0.540206 -3061.25
0.577383 -3060.91
0.541349 -3061.17
0.537229 -3061.47
0.571078 -3060.64
0.575662 -3060.82
0.577281 -3060.9
0.541428 -3061.16
0.539023 -3061.33
0.553875 -3060.6
0.55752 -3060.53
0.575566 -3060.82
0.566828 -3060.54
0.547 -3060.85
0.533396 -3061.79
0.557564 -3060.53
0.544588 -3060.97
0.553094 -3060.62
0.578868 -3060.99
0.576224 -3060.85
0.577237 -3060.9
0.540051 -3061.26
0.58057 -3061.09
0.575338 -3060.81
0.575662 -3060.82
0.536673 -3061.51
0.575328 -3060.81
0.588403 -3061.7
0.541177 -3061.18
0.576372 -3060.86
0.54665 -3060.87
0.537896 -3061.42
0.546847 -3060.86
0.554748 -3060.58
0.581333 -3061.14
0.537678 -3061.43
0.543137 -3061.06
0.577559 -3060.92
0.576371 -3060.86
0.54468 -3060.97
0.575814 -3060.83
0.580237 -3061.07
0.54101 -3061.19
0.552203 -3060.64
0.580134 -3061.07
0.568373 -3060.57
0.573541 -3060.73
0.544082 -3061
0.547445 -3060.83
0.539631 -3061.29
0.584523 -3061.37
0.576193 -3060.85
0.58379 -3061.32
0.575566 -3060.82
0.546347 -3060.88
0.544485 -3060.98
0.539157 -3061.32
0.542923 -3061.07
0.541563 -3061.16
0.577936 -3060.94
0.555784 -3060.55
0.584472 -3061.37
0.577237 -3060.9
0.56846 -3060.57
0.546802 -3060.86
0.542421 -3061.1
0.555416 -3060.56
0.544004 -3061.01
0.546136 -3060.89
0.545413 -3060.93
0.54312 -3061.06
0.550514 -3060.7
0.554969 -3060.57
0.569537 -3060.6
0.546847 -3060.86
0.578816 -3060.99
0.537678 -3061.43
0.547705 -3060.82
0.542345 -3061.11
0.541051 -3061.19
0.536537 -3061.52
0.541846 -3061.14
0.568502 -3060.57
0.571686 -3060.66
0.545515 -3060.92
0.546847 -3060.86
0.578208 -3060.95
0.552302 -3060.64
0.539751 -3061.28
0.553071 -3060.62
0.544665 -3060.97
0.529747 -3062.14
0.546286 -3060.88
0.539005 -3061.33
0.555382 -3060.56
0.543791 -3061.02
0.544147 -3061
0.555291 -3060.56
0.576058 -3060.84
0.532525 -3061.87
0.540369 -3061.24
0.54545 -3060.93
0.544485 -3060.98
0.546982 -3060.85
0.578153 -3060.95
0.583707 -3061.31
0.57825 -3060.96
0.545413 -3060.93
0.545515 -3060.92
0.541846 -3061.14
0.544865 -3060.96
0.574133 -3060.75
0.579551 -3061.03
0.535588 -3061.6
0.57588 -3060.83
0.582816 -3061.25
0.547445 -3060.83
0.540662 -3061.22
0.571888 -3060.67
0.584523 -3061.37
0.577959 -3060.94
0.543174 -3061.06
0.57783 -3060.93
0.587134 -3061.59
0.544125 -3061
0.548095 -3060.8
0.542399 -3061.1
0.535018 -3061.65
0.542275 -3061.11
0.539631 -3061.29
0.547541 -3060.82
0.57074 -3060.63
0.580218 -3061.07
0.540595 -3061.22
0.555585 -3060.56
0.548035 -3060.8
0.539023 -3061.33
0.569112 -3060.59
0.572928 -3060.71
0.581995 -3061.19
0.547326 -3060.83
0.54545 -3060.93
0.577026 -3060.89
0.551562 -3060.67
0.545413 -3060.93
0.544533 -3060.98
0.585747 -3061.47
0.546381 -3060.88
0.53815 -3061.4
0.544004 -3061.01
0.555185 -3060.57
0.575771 -3060.83
0.567443 -3060.55
0.575566 -3060.82
0.544533 -3060.98
0.541094 -3061.19
0.538704 -3061.35
0.572048 -3060.68
0.576224 -3060.85
0.55363 -3060.6
0.54804 -3060.8
0.545941 -3060.9
0.539274 -3061.31
0.569112 -3060.59
0.551478 -3060.67
0.569307 -3060.59
0.542443 -3061.1
0.544004 -3061.01
0.547108 -3060.84
0.582198 -3061.2
0.545991 -3060.9
0.577104 -3060.89
0.584786 -3061.39
0.539047 -3061.33
0.542345 -3061.11
0.576013 -3060.84
0.578153 -3060.95
0.576094 -3060.84
0.576976 -3060.89
0.587528 -3061.62
0.571686 -3060.66
0.568201 -3060.57
0.58027 -3061.07
0.546583 -3060.87
0.5794 -3061.02
0.58429 -3061.36
0.536673 -3061.51
0.537942 -3061.41
0.537942 -3061.41
0.571077 -3060.64
0.541841 -3061.14
0.578629 -3060.98
0.580663 -3061.1
0.535277 -3061.63
0.554748 -3060.58
0.590451 -3061.89
0.585318 -3061.44
0.547445 -3060.83
0.54242 -3061.1
0.58094 -3061.12
0.535691 -3061.59
0.580447 -3061.09
0.577383 -3060.91
0.576761 -3060.88
0.567927 -3060.56
0.54454 -3060.98
0.57737 -3060.91
0.59246 -3062.1
0.543233 -3061.05
0.540106 -3061.25
0.546802 -3060.86
0.580233 -3061.07
0.546671 -3060.87
0.582008 -3061.19
0.533314 -3061.8
0.579859 -3061.05
0.574052 -3060.75
0.553359 -3060.61
0.584556 -3061.38
0.537946 -3061.41
0.580862 -3061.11
0.586873 -3061.56
0.550356 -3060.71
0.546806 -3060.86
0.576963 -3060.89
0.545904 -3060.9
0.550259 -3060.71
0.58772 -3061.64
0.535427 -3061.61
0.54312 -3061.06
0.535397 -3061.62
0.547151 -3060.84
0.58094 -3061.12
0.575566 -3060.82
0.57985 -3061.05
0.541846 -3061.14
0.566466 -3060.53
0.577373 -3060.91
0.54749 -3060.83
0.531163 -3062
0.542345 -3061.11
0.546347 -3060.88
0.579818 -3061.05
0.57985 -3061.05
0.575566 -3060.82
0.544588 -3060.97
0.582177 -3061.2
0.551478 -3060.67
0.540999 -3061.19
0.546666 -3060.87
0.538109 -3061.4
0.575662 -3060.82
0.58094 -3061.12
0.579504 -3061.03
0.58144 -3061.15
0.568432 -3060.57
0.542834 -3061.08
0.544588 -3060.97
0.578575 -3060.97
0.550543 -3060.7
0.580862 -3061.11
0.578917 -3060.99
0.555585 -3060.56
0.582977 -3061.26
0.545515 -3060.92
0.537554 -3061.44
0.544588 -3060.97
0.545413 -3060.93
0.545517 -3060.92
0.542536 -3061.09
0.543215 -3061.05
0.580194 -3061.07
0.577137 -3060.9
0.571649 -3060.66
0.552302 -3060.64
0.568171 -3060.57
0.5317 -3061.95
0.544672 -3060.97
0.545941 -3060.9
0.578467 -3060.97
0.55307 -3060.62
0.539274 -3061.31
0.544337 -3060.99
0.579671 -3061.04
0.541051 -3061.19
0.545242 -3060.94
0.556279 -3060.55
0.582816 -3061.25
0.580389 -3061.08
0.539157 -3061.32
0.580526 -3061.09
0.583061 -3061.26
0.5347 -3061.68
0.537678 -3061.43
0.572928 -3060.71
0.567185 -3060.55
0.557029 -3060.53
0.542412 -3061.1
0.583844 -3061.32
0.541732 -3061.14
0.577254 -3060.9
0.541094 -3061.19
0.54574 -3060.91
0.582949 -3061.26
0.545995 -3060.9
0.566616 -3060.54
0.593805 -3062.24
0.550153 -3060.72
0.555285 -3060.56
0.551617 -3060.66
0.586016 -3061.49
0.583993 -3061.33
0.592977 -3062.15
0.544588 -3060.97
0.542275 -3061.11
0.578208 -3060.95
0.572207 -3060.68
0.551068 -3060.68
0.577383 -3060.91
0.549267 -3060.75
0.577957 -3060.94
0.542598 -3061.09
0.575566 -3060.82
0.550914 -3060.69
0.528517 -3062.27
0.542406 -3061.1
0.550035 -3060.72
0.576767 -3060.88
0.568502 -3060.57
0.545599 -3060.92
0.577617 -3060.92
0.579077 -3061
0.546847 -3060.86
0.577426 -3060.91
0.576403 -3060.86
0.585702 -3061.47
0.547877 -3060.81
0.581152 -3061.13
0.577987 -3060.94
0.54804 -3060.8
0.577281 -3060.9
0.55424 -3060.59
0.599404 -3062.92
0.539157 -3061.32
0.568171 -3060.57
0.575045 -3060.79
0.550356 -3060.71
0.578917 -3060.99
0.544588 -3060.97
0.544588 -3060.97
0.538731 -3061.35
0.57737 -3060.91
0.571238 -3060.65
0.566894 -3060.54
0.550024 -3060.72
0.577444 -3060.91
0.545548 -3060.92
0.548097 -3060.8
0.543686 -3061.03
0.541094 -3061.19
0.548579 -3060.78
0.583522 -3061.3
0.575662 -3060.82
0.574785 -3060.78
0.571046 -3060.64
0.541448 -3061.16
0.542345 -3061.11
0.539072 -3061.33
0.576767 -3060.88
0.58043 -3061.08
0.566674 -3060.54
0.545201 -3060.94
0.577185 -3060.9
0.576198 -3060.85
0.527237 -3062.41
0.542355 -3061.11
0.539274 -3061.31
0.577281 -3060.9
0.570131 -3060.62
0.578153 -3060.95
0.59052 -3061.9
0.582177 -3061.2
0.556421 -3060.54
0.550677 -3060.7
0.578489 -3060.97
0.583143 -3061.27
0.577281 -3060.9
0.587097 -3061.58
0.576403 -3060.86
0.572635 -3060.7
0.543559 -3061.03
0.543233 -3061.05
0.587859 -3061.65
0.576224 -3060.85
0.544485 -3060.98
0.58241 -3061.22
0.555767 -3060.55
0.534084 -3061.73
0.545941 -3060.9
0.571467 -3060.66
0.571861 -3060.67
0.571576 -3060.66
0.550356 -3060.71
0.575566 -3060.82
0.540932 -3061.2
0.552302 -3060.64
0.585772 -3061.47
0.555382 -3060.56
0.583275 -3061.28
0.577625 -3060.92
0.541286 -3061.17
0.587859 -3061.65
0.533909 -3061.74
0.546904 -3060.85
0.550356 -3060.71
0.58043 -3061.08
0.545548 -3060.92
0.581024 -3061.12
0.570163 -3060.62
0.557508 -3060.53
0.550887 -3060.69
0.577185 -3060.9
0.567322 -3060.55
0.591116 -3061.96
0.541849 -3061.14
0.552889 -3060.62
0.579044 -3061
0.578208 -3060.95
0.582045 -3061.19
0.581705 -3061.17
0.571576 -3060.66
0.581545 -3061.16
0.539727 -3061.28
0.549638 -3060.73
0.580716 -3061.1
0.537678 -3061.43
0.54242 -3061.1
0.556421 -3060.54
0.577254 -3060.9
0.548356 -3060.79
0.576587 -3060.87
0.545904 -3060.9
0.545413 -3060.93
0.542355 -3061.11
0.576926 -3060.88
0.534521 -3061.69
0.547817 -3060.81
0.58043 -3061.08
0.579818 -3061.05
0.568511 -3060.57
0.579044 -3061
0.527341 -3062.4
0.541301 -3061.17
0.553378 -3060.61
0.546583 -3060.87
0.546802 -3060.86
0.540808 -3061.21
0.549664 -3060.73
0.583382 -3061.29
0.543605 -3061.03
0.576809 -3060.88
0.537554 -3061.44
0.550887 -3060.69
0.572162 -3060.68
0.544004 -3061.01
0.543233 -3061.05
0.577383 -3060.91
0.582325 -3061.21
0.542342 -3061.11
0.583624 -3061.3
0.540369 -3061.24
0.533666 -3061.77
0.541731 -3061.15
0.548048 -3060.8
0.583387 -3061.29
0.577383 -3060.91
0.578208 -3060.95
0.580526 -3061.09
0.538907 -3061.34
0.577717 -3060.93
0.542443 -3061.1
0.551122 -3060.68
0.547326 -3060.83
0.547445 -3060.83
0.546671 -3060.87
0.541218 -3061.18
0.541349 -3061.17
0.582116 -3061.2
0.545995 -3060.9
0.576371 -3060.86
0.535691 -3061.59
0.546324 -3060.88
0.576767 -3060.88
0.580218 -3061.07
0.577077 -3060.89
0.577936 -3060.94
0.57825 -3060.96
0.555767 -3060.55
0.545413 -3060.93
0.547445 -3060.83
0.582177 -3061.2
0.542345 -3061.11
0.567573 -3060.55
0.579889 -3061.05
0.554679 -3060.58
0.544588 -3060.97
0.578714 -3060.98
0.533296 -3061.8
0.556008 -3060.55
0.541428 -3061.16
0.547445 -3060.83
0.584543 -3061.37
0.571008 -3060.64
0.586611 -3061.54
0.537946 -3061.41
0.576198 -3060.85
0.58094 -3061.12
0.55504 -3060.57
0.534877 -3061.66
0.540206 -3061.25
0.581181 -3061.13
0.570507 -3060.63
0.542094 -3061.12
0.570131 -3060.62
0.58043 -3061.08
0.576901 -3060.88
0.545814 -3060.91
0.575662 -3060.82
0.578655 -3060.98
0.540051 -3061.26
0.592508 -3062.1
0.53823 -3061.39
0.57588 -3060.83
0.536673 -3061.51
0.540659 -3061.22
0.55648 -3060.54
0.578471 -3060.97
0.582713 -3061.24
0.578457 -3060.97
0.550863 -3060.69
0.554227 -3060.59
0.581924 -3061.18
0.545548 -3060.92
0.547534 -3060.82
0.577383 -3060.91
0.573183 -3060.72
0.551529 -3060.67
0.544588 -3060.97
0.540106 -3061.25
0.554512 -3060.58
0.577957 -3060.94
0.543912 -3061.01
0.581333 -3061.14
0.539157 -3061.32
0.567322 -3060.55
0.571353 -3060.65
0.544588 -3060.97
0.583311 -3061.28
0.578457 -3060.97
0.58094 -3061.12
0.579859 -3061.05
0.553094 -3060.62
0.576811 -3060.88
0.55661 -3060.54
0.568511 -3060.57
0.575247 -3060.8
0.57588 -3060.83
0.578605 -3060.98
0.556266 -3060.55
0.547817 -3060.81
0.581333 -3061.14
0.582932 -3061.25
0.550863 -3060.69
0.578899 -3060.99
0.584786 -3061.39
0.544533 -3060.98
0.537678 -3061.43
0.545548 -3060.92
0.589557 -3061.81
0.545941 -3060.9
0.549015 -3060.76
0.569842 -3060.61
0.57737 -3060.91
0.582177 -3061.2
0.577077 -3060.89
0.542045 -3061.12
0.554748 -3060.58
0.583275 -3061.28
0.581333 -3061.14
0.557755 -3060.52
0.544485 -3060.98
0.576548 -3060.87
0.578377 -3060.96
0.539023 -3061.33
0.552554 -3060.63
0.573788 -3060.74
0.547714 -3060.82
0.544533 -3060.98
0.544588 -3060.97
0.569897 -3060.61
0.578434 -3060.97
0.584543 -3061.37
0.546936 -3060.85
0.539751 -3061.28
0.55051 -3060.7
0.546802 -3060.86
0.583844 -3061.32
0.56965 -3060.6
0.540106 -3061.25
0.55519 -3060.57
0.545056 -3060.95
0.545479 -3060.93
0.540837 -3061.2
0.581333 -3061.14
0.544588 -3060.97
0.578153 -3060.95
0.544337 -3060.99
0.578518 -3060.97
0.568054 -3060.56
0.579012 -3061
0.547185 -3060.84
0.573183 -3060.72
0.553094 -3060.62
0.545506 -3060.92
0.585795 -3061.47
0.540206 -3061.25
0.537678 -3061.43
0.535638 -3061.6
0.54545 -3060.93
0.570359 -3060.62
0.569537 -3060.6
0.571018 -3060.64
0.582177 -3061.2
0.578337 -3060.96
0.581355 -3061.14
0.553019 -3060.62
0.545599 -3060.92
0.578153 -3060.95
0.575338 -3060.81
0.538942 -3061.34
0.575814 -3060.83
0.551932 -3060.65
0.586959 -3061.57
0.54804 -3060.8
0.582782 -3061.24
0.540457 -3061.23
0.575662 -3060.82
0.578153 -3060.95
0.566166 -3060.53
0.567027 -3060.54
0.577185 -3060.9
0.583061 -3061.26
0.539005 -3061.33
0.585772 -3061.47
0.577077 -3060.89
0.541846 -3061.14
0.545548 -3060.92
0.577617 -3060.92
0.54454 -3060.98
0.54003 -3061.26
0.542345 -3061.11
0.577383 -3060.91
0.574853 -3060.79
0.579233 -3061.01
0.578208 -3060.95
0.581152 -3061.13
0.546802 -3060.86
0.579551 -3061.03
0.580926 -3061.12
0.541563 -3061.16
0.578816 -3060.99
0.546806 -3060.86
0.577559 -3060.92
0.578868 -3060.99
0.581418 -3061.15
0.547446 -3060.83
0.599073 -3062.88
0.57783 -3060.93
0.541849 -3061.14
0.593805 -3062.24
0.546286 -3060.88
0.542359 -3061.11
0.542443 -3061.1
0.557507 -3060.53
0.547445 -3060.83
0.5682 -3060.57
0.547705 -3060.82
0.546806 -3060.86
0.543605 -3061.03
0.556008 -3060.55
0.555504 -3060.56
0.577302 -3060.9
0.576193 -3060.85
0.547676 -3060.82
0.540051 -3061.26
0.557755 -3060.52
0.576236 -3060.85
0.582782 -3061.24
0.584556 -3061.38
0.547445 -3060.83
0.568428 -3060.57
0.557594 -3060.52
0.555318 -3060.56
0.544588 -3060.97
0.573035 -3060.71
0.555472 -3060.56
0.545991 -3060.9
0.547676 -3060.82
0.577957 -3060.94
0.549945 -3060.72
0.544485 -3060.98
0.540932 -3061.2
0.575328 -3060.81
0.581319 -3061.14
0.543854 -3061.02
0.542963 -3061.07
0.535588 -3061.6
0.541368 -3061.17
0.547745 -3060.81
0.572547 -3060.69
0.539773 -3061.28
0.542345 -3061.11
0.544588 -3060.97
0.546561 -3060.87
0.548804 -3060.77
0.541563 -3061.16
0.54545 -3060.93
0.577137 -3060.9
0.540808 -3061.21
0.534471 -3061.7
0.57074 -3060.63
0.573232 -3060.72
0.569842 -3060.61
0.543424 -3061.04
0.544588 -3060.97
0.590977 -3061.95
0.546076 -3060.89
0.56592 -3060.53
0.581024 -3061.12
0.540457 -3061.23
0.582112 -3061.2
0.58043 -3061.08
0.57523 -3060.8
0.56981 -3060.61
0.5682 -3060.57
0.572635 -3060.7
0.568502 -3060.57
0.575156 -3060.8
0.544588 -3060.97
0.546802 -3060.86
0.544533 -3060.98
0.545536 -3060.92
0.577444 -3060.91
0.574667 -3060.78
0.575787 -3060.83
0.575995 -3060.84
0.578629 -3060.98
0.551915 -3060.65
0.576691 -3060.87
0.57611 -3060.84
0.547705 -3060.82
0.569537 -3060.6
0.566707 -3060.54
0.547445 -3060.83
0.581924 -3061.18
0.553749 -3060.6
0.544588 -3060.97
0.582116 -3061.2
0.538942 -3061.34
0.541846 -3061.14
0.577957 -3060.94
0.544665 -3060.97
0.540993 -3061.19
0.539157 -3061.32
0.582262 -3061.21
0.539626 -3061.29
0.54804 -3060.8
0.539594 -3061.29
0.570507 -3060.63
0.576058 -3060.84
0.547705 -3060.82
0.544004 -3061.01
0.529775 -3062.14
0.555318 -3060.56
0.580218 -3061.07
0.575566 -3060.82
0.582691 -3061.24
0.535395 -3061.62
0.53311 -3061.82
0.551529 -3060.67
0.545904 -3060.9
0.584791 -3061.39
0.55267 -3060.63
0.537942 -3061.41
0.581181 -3061.13
0.541784 -3061.14
0.576548 -3060.87
0.575662 -3060.82
0.575316 -3060.81
0.577936 -3060.94
0.54749 -3060.83
0.572046 -3060.68
0.540536 -3061.22
0.550179 -3060.71
0.582896 -3061.25
0.55444 -3060.58
0.537678 -3061.43
0.546978 -3060.85
0.566816 -3060.54
0.547007 -3060.85
0.536183 -3061.55
0.578412 -3060.96
0.542935 -3061.07
0.545659 -3060.92
0.554679 -3060.58
0.576371 -3060.86
0.543605 -3061.03
0.547877 -3060.81
0.580205 -3061.07
0.53183 -3061.94
0.54468 -3060.97
0.580447 -3061.09
0.551437 -3060.67
0.541448 -3061.16
0.544004 -3061.01
0.583844 -3061.32
0.577482 -3060.91
0.544588 -3060.97
0.542345 -3061.11
0.575638 -3060.82
0.577559 -3060.92
0.547809 -3060.81
0.547817 -3060.81
0.571861 -3060.67
0.582782 -3061.24
0.545246 -3060.94
0.580237 -3061.07
0.538869 -3061.34
0.589112 -3061.77
0.577957 -3060.94
0.542834 -3061.08
0.557725 -3060.52
0.584144 -3061.34
0.57737 -3060.91
0.580205 -3061.07
0.570531 -3060.63
0.587528 -3061.62
0.574539 -3060.77
0.546509 -3060.87
0.54693 -3060.85
