0.090703
-0.251254
-0.639577
-0.0658628
0.950024
-0.571676
0.691007
0.28582
0.825824
-0.286815
0.25454
0.879289
-0.252112
0.0218051
0.713668
0.0733071
-0.39901
-0.239322
0.509351
0.00604949
-0.694308
-0.300836
-0.167175
0.65424
-0.11045
-0.075022
0.144757
-0.268887
-0.356819
0.597949
-0.468824
-0.457027
-0.187255
0.589728
-0.678468
-0.0611222
0.309536
0.175973
-0.137556
-0.274464
0.0285096
0.0322997
0.251128
0.244072
0.0701483
-0.908712
-0.457157
0.595214
0.679081
0.704637
-0.285544
-0.502495
-0.0882098
0.366024
-0.706055
0.136824
-0.554322
-0.75535
-0.619715
0.248838
0.135947
-0.574108
0.852706
-0.828965
0.709241
-0.725793
0.596986
0.36801
-0.201791
-0.0714086
0.205561
0.240892
0.681183
-0.435733
-0.110766
0.242104
0.52222
-0.798807
-0.441482
-0.147544
-0.407091
0.654876
0.276273
-0.288731
0.230014
0.592705
-0.461394
-0.343898
0.242976
-0.802316
-0.249603
0.0507514
0.307221
-0.505715
-0.478453
-0.469756
0.590545
0.0598915
-0.0148025
-0.287856
-0.595053
0.0146518
0.0221658
-0.0021521
0.493355
-0.848713
-0.214216
0.275803
0.61104
-0.418778
0.570556
-0.156811
-0.186284
0.664527
0.085383
0.420252
0.236294
-0.158808
0.289533
0.052147
-0.478374
-0.0426971
-0.243489
0.285294
-0.195165
0.122357
0.547549
0.507206
-0.102155
0.0792049
-0.217507
-0.123516
-0.180365
0.529267
0.539625
0.13454
0.198994
0.0892986
0.538963
-0.678312
-0.153184
-0.747884
0.434141
-0.384053
0.00471089
0.15423
0.438703
0.0729794
0.558709
-0.677828
-0.394924
0.63349
0.156873
0.376557
0.151013
0.527282
0.498531
-0.423143
0.149427
0.68665
-0.31773
-0.288613
0.442088
-0.138151
-0.277087
-0.858328
0.587177
-0.213475
-0.510734
0.436862
-0.396542
0.73046
0.573088
-0.129407
-0.576514
0.377859
-0.218563
-0.0128213
-0.0833074
0.566911
-0.115207
-0.0146763
0.347774
0.333856
-0.230894
0.00167785
-0.359062
-0.446615
0.435428
0.748716
0.203466
-0.0253553
0.437847
-0.0979261
0.0618878
0.61512
-0.475974
0.373451
-0.855736
0.756676
-0.0999119
-0.233575
-0.578959
0.0612096
-0.588755
0.0175777
0.583278
0.289278
0.0018676
0.193242
-0.297027
0.289214
-0.601154
-0.288031
0.951949
0.401954
-0.317067
0.306626
0.219031
-0.147384
0.417536
-0.711628
0.609481
-0.0610728
0.331052
0.194844
0.469485
-0.590571
0.951738
0.465667
-0.169153
-0.970559
0.430733
0.403599
0.4253
-0.644632
0.46107
0.232348
-0.0332248
-0.568967
-0.671476
-0.481917
-0.859381
-0.621593
-0.58258
0.0576121
0.0255451
0.206572
0.203163
-0.423491
-0.74519
-0.0141719
-0.245291
-0.46283
0.713453
-0.348725
0.766502
-0.170825
-0.00922855
-0.163221
0.973098
-0.869428
0.0664864
-0.0162908
-0.370263
-0.545183
0.511502
-0.538431
0.170037
0.479849
-0.492979
-0.672497
0.144916
-0.164546
0.580125
0.407314
-0.558552
0.285625
-0.258665
0.380096
0.0374806
0.0181264
-0.909592
-0.465515
0.238876
0.582686
-0.212468
0.737411
0.0868393
0.534389
0.190176
-0.423036
-0.0051346
0.370927
-0.289021
0.151096
-0.448783
0.0789227
-0.541269
-0.239742
-0.674471
0.773817
-0.0122799
-0.0752576
-0.266318
0.202946
0.735224
0.530531
0.342934
-0.551342
-0.457174
0.668806
0.464867
0.339597
0.161626
-0.560758
0.12853
0.429731
0.467614
-0.33696
-0.415837
-0.716968
0.848307
-0.407457
0.0520892
-0.212498
-0.211196
-0.827541
0.311622
0.241821
-0.685225
-0.484294
-0.598312
0.149106
0.332344
-0.750675
-0.038006
-0.175859
-0.289157
0.545584
-0.63283
-0.202994
0.732256
-0.109441
-0.00544803
0.45125
-0.569211
-0.412263
-0.0279426
0.731302
0.0729712
-0.503537
-0.108876
0.272462
-0.638472
0.634045
-0.372152
-0.0275377
0.926212
0.960721
-0.603167
-0.421381
-0.0523417
0.634657
-0.734047
0.126593
0.44392
-0.472959
0.515688
-0.435675
0.780921
0.0814685
0.35045
0.407977
-0.609614
0.475461
-0.367639
-0.322763
0.0606798
0.0761002
-0.55546
-0.0842499
0.345492
-0.511404
0.892085
0.247208
-0.387984
0.155564
0.38281
0.100147
0.445565
0.364437
-0.223539
0.269586
-0.151223
-0.295601
-0.711732
-0.105511
0.440977
-0.132403
-0.24929
-0.719986
0.733721
-0.332229
-0.2781
-0.474651
0.151765
0.698602
0.155855
0.780975
-0.0196991
0.401568
-0.340564
-0.639102
0.204127
-0.545243
-0.275199
-0.193744
-0.465669
-0.493505
0.809829
0.425352
0.660376
0.192271
-0.263254
-0.244478
0.315993
0.436283
-0.506659
-0.469012
-0.654947
-0.306244
0.74906
0.917689
-0.579814
-0.922498
-0.531628
-0.681461
-0.544424
0.407427
-0.00463792
-0.145997
-0.235326
0.298327
0.349563
-0.0207085
-0.334444
0.0668917
-0.287263
-0.424104
0.353205
-0.37639
0.247981
0.108671
0.569855
0.215023
0.0859128
-0.489608
-0.0960501
-0.577835
0.909865
0.13805
0.0105884
0.417456
0.823599
0.457193
-0.108422
-0.792846
-0.182105
0.0536863
-0.254527
-0.0149383
0.462114
-0.30747
0.0938385
-0.127964
-0.402094
-0.879793
0.107446
0.711047
-0.361823
0.262621
0.0500818
0.291557
0.027838
0.210793
-0.377286
0.765835
0.292779
0.924871
0.0072412
-0.424819
-0.584741
-0.685309
-0.126223
-0.507082
0.500443
-0.292261
-0.3371
0.154195
-0.0773348
0.884314
0.575013
0.514637
-0.733949
-0.244591
0.214382
-0.115419
-0.870762
-0.650278
0.154738
0.582405
-0.811766
0.212078
-0.696258
0.145175
0.77362
-0.555726
0.576275
-0.733038
-0.2159
0.0674148
-0.472025
-0.306723
-0.028219
0.684156
-0.362475
-0.838341
0.435768
-0.490529
-0.670409
-0.670395
0.174232
-0.430607
0.667058
-0.0818047
0.429119
0.0697511
0.375892
0.319852
-0.126786
0.711238
-0.477957
-0.520601
-0.515361
0.676767
-0.0826969
0.262461
0.561498
0.0326118
-0.715728
0.129802
0.768756
-0.138273
0.00574988
0.173808
0.431797
-0.233995
-0.0440478
-0.738227
0.157141
-0.0380713
-0.115764
-0.0477057
-0.781494
-0.374512
0.0905378
0.2549
-0.304395
-0.448195
-0.723083
0.695228
-0.000806187
-0.342489
-0.728618
-0.487249
0.352951
0.368773
0.655693
-0.268896
0.00744394
-0.413561
-0.593498
-0.564091
-0.443841
-0.252673
0.518457
-0.399126
0.336655
0.434714
0.736856
-0.0488581
0.0780122
0.257172
0.340715
-0.325855
-0.304957
-0.603707
0.519765
0.460068
0.0732059
0.129813
-0.105227
0.452031
0.479786
-0.543172
-0.150346
-0.293056
0.0205518
-0.276613
-0.159844
-0.217553
0.740004
0.190395
0.298454
0.760215
-0.505382
-0.568837
0.101881
-0.403775
0.492126
0.344393
-0.686478
0.38084
0.218007
-0.243115
-0.68151
0.512337
-0.635698
0.376965
-0.412315
0.477118
0.4838
-0.192702
-0.147961
0.291
-0.642205
-0.341515
-0.741827
-0.0301299
0.0993581
-0.317749
-0.00118415
-0.575379
-0.63559
0.0711116
0.243931
0.637886
0.547104
-0.493803
0.739135
-0.554238
0.100496
-0.300689
-0.659792
-0.736331
0.0592948
-0.464061
0.505887
-0.575015
0.234377
0.520435
-0.308672
-0.829774
0.595529
-0.177562
-0.00753187
-0.665178
-0.325238
0.488375
0.440838
-0.607021
-0.574036
0.613481
0.17372
0.424269
0.0238946
-0.761618
0.117059
0.0307136
-0.635503
0.752532
-0.0380233
0.147349
-0.375801
-0.607625
0.551431
-0.0403285
0.365586
-0.213003
-0.0775725
0.43274
0.322288
-0.394125
-0.124196
0.311621
0.0505366
0.262669
0.5633
-0.20779
-0.159874
0.847744
0.656446
-0.226588
0.787977
0.408856
0.564391
-0.675629
0.452662
0.76916
-0.00514786
0.260204
-0.240516
-0.132012
0.27084
0.347714
-0.152262
0.147667
0.253509
-0.387062
0.776009
-0.498462
-0.23597
0.56308
0.203269
-0.551199
-0.723916
0.0569842
-0.378791
0.751851
-0.599977
-0.0890918
0.234198
0.993811
-0.320115
-0.812706
-0.446366
-0.499165
-0.47961
0.380942
0.85949
0.282703
0.277459
0.600836
0.777915
0.446372
-0.272726
0.226515
-0.372316
-0.408728
-0.593325
-0.266223
-0.818681
0.209178
0.189783
-0.698884
0.53897
0.625921
0.590641
-0.397689
-0.554216
0.181331
0.100287
-0.418324
-0.0319734
-0.568314
-0.0540346
-0.0426169
-0.302382
0.235134
0.420326
-0.324386
0.497141
0.395324
0.350709
-0.670882
-0.0890064
0.624428
-0.737873
-0.247874
-0.00335845
-0.566119
-0.769827
-0.570863
-0.340527
0.358966
0.776682
0.140493
-0.500863
-0.773024
0.108514
0.37669
-0.49685
-0.213447
0.266445
0.112332
-0.585804
-0.416121
-0.770701
0.667548
0.0576562
-0.833177
0.047644
0.812121
0.436791
0.427162
0.410971
0.384824
0.25175
-0.164879
-0.954008
-0.514228
-0.332671
0.216216
0.23666
0.642283
0.412846
-0.419685
0.946416
0.448819
-0.397657
0.212912
-0.666742
0.394682
0.512073
0.278511
0.207096
0.803447
0.137742
0.384706
-0.337619
-0.374057
-0.253851
-0.375703
-0.51203
0.0691955
-0.371764
0.228882
0.743228
-0.510796
-0.133084
-0.521993
-0.65557
0.321744
0.390766
0.472731
0.700088
-0.282807
0.059286
0.322373
0.430721
-0.281472
0.221366
0.468463
-0.633505
-0.370797
0.266934
-0.365188
-0.0805598
-0.477197
-0.569671
-0.0498873
-0.0399757
0.053239
-0.204953
0.0434994
-0.225741
0.0698627
0.652948
0.196926
0.130881
-0.13294
0.802265
0.362613
-0.0332813
0.323705
0.855855
-0.00905392
-0.019167
0.141344
0.679034
-0.17431
0.27372
0.0939777
0.869642
-0.580092
-0.780886
-0.163671
0.0437052
0.313641
-0.0534185
-0.444728
0.564009
0.208337
-0.674399
0.777711
0.348745
-0.236184
-0.177622
-0.149799
-0.070044
-0.0654013
0.168055
-0.614217
0.310935
-0.747534
0.607016
0.596129
-0.142974
0.0162472
0.157285
0.0119053
0.227206
0.283134
0.57291
0.270279
-0.471144
-0.607529
-0.74199
-0.487354
0.707148
-0.500686
-0.535321
0.69285
-0.725572
-0.927769
0.743325
-0.759009
0.766949
-0.52096
0.283341
-0.0610773
0.043937
-0.607925
0.703864
0.671201
-0.757951
0.243406
0.124579
0.173995
0.482787
0.546636
0.144727
-0.00525263
-0.367329
-0.484772
-0.177424
-0.793869
0.201037
0.851568
-0.767786
-0.0258439
0.00963419
-0.687915
0.0359522
0.194055
0.25456
-0.209806
0.675163
0.433104
-0.10497
-0.582451
0.426003
-0.265023
0.0209189
-0.579528
-0.727247
-0.350352
0.209764
0.0610964
-0.194403
-0.56917
-0.597514
-0.757303
0.00543545
0.146713
-0.318083
0.185655
0.688801
-0.962082
-0.323182
-0.113815
-0.620592
0.591684
-0.817449
-0.249181
0.214961
-0.684171
0.19084
-0.501299
-0.666514
-0.476842
-0.386484
-0.506204
-0.392053
0.19104
-0.339966
-0.00522418
-0.329802
-0.162465
0.324888
0.113083
-0.028604
0.104431
-0.365077
0.457725
0.126094
0.537646
-0.288947
0.249081
-0.650882
0.796328
0.0888242
-0.601461
0.135628
0.0157967
0.625642
0.721374
0.072173
-0.450895
0.0108966
-0.172227
-0.809511
-0.642558
-0.0856254
0.613041
-0.12246
0.936658
-0.275706
0.295117
-0.401862
0.185765
0.336453
0.628755
-0.62867
0.105284
-0.23844
0.0960334
-0.0855326
0.271808
-0.403922
-0.111096
-0.170736
0.631144
0.0592086
-0.137675
0.855018
-0.330273
-0.339532
0.0117235
0.288369
-0.0200559
-0.306321
0.192737
0.253505
0.209346
-0.784942
0.854231
0.494116
0.379176
0.381271
-0.219519
-0.753659
0.230179
-0.650009
-0.292487
-0.170865
-0.552794
0.140513
-0.301798
0.38918
-0.145314
0.824915
0.469188
0.49216
-0.764739
0.446183
0.689825
-0.824288
0.108601
-0.805761
0.615182
-0.130258
0.705007
-0.052223
0.63435
-0.248352
-0.402727
0.206656
0.155688
0.380635
-0.381385
0.493623
-0.74483
0.416614
0.269427
-0.198846
0.505723
0.710258
-0.728605
0.467477
0.0212026
-0.178369
0.0195149
-0.379657
-0.176349
0.489303
-0.901754
0.492555
-0.330276
0.53357
0.219172
-0.084404
0.743795
0.360888
0.596598
0.190242
-0.478551
-0.469213
0.511427
-0.698519
-0.590936
-0.329179
-0.645119
-0.305143
-0.43377
-0.146337
0.210626
0.426639
0.220988
0.62257
-0.0393228
0.477649
0.426288
-0.635679
-0.130899
-0.257789
0.428573
-0.34344
-0.480682
0.485077
0.53359
-0.233579
-0.203852
0.0793166
0.509401
0.810512
-0.160635
-0.280876
0.221719
-0.57836
-0.218922
0.263192
0.169298
-0.119218
0.234451
-0.541396
0.214956
0.274463
-0.466923
-0.653345
0.255783
-0.549318
-0.335651
0.333162
-0.226809
-0.925423
-0.968715
0.36627
-0.74846
-0.82588
-0.204442
0.279572
-0.188068
0.0922416
0.490644
0.791093
0.654307
-0.318483
-0.284041
-0.27124
0.344093
0.330547
-0.184907
0.761313
-0.243847
0.538848
0.165513
0.709344
0.132817
0.31364
-0.634888
0.482144
0.81151
0.837113
-0.219015
0.0164449
0.021954
0.732073
0.487538
-0.0235182
-0.316213
-0.415603
-0.0624591
0.385286
0.724052
-0.720439
-0.275618
-0.650692
0.121393
0.0224617
-0.0628744
0.750409
-0.0284447
0.199601
-0.641713
0.385932
0.351796
0.69243
-0.514616
0.332936
0.385564
-0.314673
0.0595847
0.757453
0.0945533
-0.0871699
0.00679147
0.572427
-0.480382
0.673116
0.280046
-0.207637
0.210645
0.400099
0.638893
-0.0686536
0.47681
0.247937
-0.761886
0.188554
0.154055
-0.122413
-0.438136
-0.51513
-0.247115
-0.120759
0.0109827
0.334609
0.538039
0.585748
0.439214
0.485236
0.157557
-0.26008
-0.76542
0.554706
0.369403
0.592683
-0.15256
0.0953771
-0.364238
0.758817
-0.25218
-0.683173
0.0441
0.429866
0.158992
0.227127
-0.335323
-0.825162
0.7323
0.0146912
0.419134
-0.711216
-0.0225554
0.0239307
-0.126842
-0.145678
-0.602645
0.561725
-0.118117
-0.0339435
0.0217441
0.250525
0.519001
0.385739
0.0989471
-0.283646
0.304462
0.445706
-0.610134
-0.633891
0.530822
0.658446
-0.388081
0.469964
-0.236616
-0.275993
-0.280851
-0.339174
-0.212134
0.731185
0.294069
0.429351
0.255372
-0.853927
0.177128
-0.795643
0.447291
-0.173358
0.307703
0.463408
0.2181
-0.47355
-0.238437
0.158955
0.358119
-0.132304
0.333011
-0.101631
0.474865
0.503665
0.612698
0.726834
0.117333
0.21496
-0.125561
-0.565472
0.484923
-0.368683
0.455193
-0.346752
-0.340651
0.141065
-0.379642
-0.664619
-0.617657
-0.469736
-0.576553
-0.318899
-0.52138
-0.30558
0.737699
-0.525047
-0.0251197
0.793288
-0.153416
0.0744606
-0.120812
0.814627
0.728191
0.104741
-0.134154
0.143942
0.0655869
0.546717
-0.550384
0.058023
0.297589
0.136642
-0.540485
-0.485973
-0.164967
0.437382
0.57228
0.440537
0.385833
-0.457457
-0.291622
-0.429199
-0.559827
-0.487447
-0.323598
-0.625346
-0.678933
0.468875
-0.285733
0.349992
0.240039
-0.292025
0.152655
0.246257
0.0821593
-0.528449
0.248668
-0.329656
-0.153345
-0.235458
-0.242564
0.580933
-0.71434
0.0463917
0.451634
-0.410158
-0.493564
-0.11391
-0.0621674
-0.246232
0.34938
-0.294862
0.140246
0.0755349
-0.825645
-0.471515
0.603855
0.312629
-0.719685
-0.619369
-0.672316
0.482798
0.096988
0.0966989
-0.258926
0.107205
-0.544336
0.873034
0.468606
0.821018
-0.703469
-0.0711592
-0.730648
-0.786294
-0.657142
0.550238
0.374176
-0.346436
0.109925
0.536227
0.508399
0.616676
0.441272
0.0286728
0.509916
-0.145365
-0.688428
-0.434895
-0.7055
0.313859
0.17154
-0.552289
0.508801
0.259166
-0.148129
0.081023
-0.659075
0.0506696
0.182511
-0.3435
0.0678874
-0.0595263
-0.107512
-0.0862606
0.0868786
-0.644524
-0.155463
0.116999
0.0785675
0.00511237
0.127628
-0.117228
-0.72881
0.742529
0.404097
-0.21565
-0.821465
-0.119083
-0.41272
0.517947
-0.899114
-0.762871
0.289328
-0.176707
-0.157488
0.256048
-0.12746
-0.584332
0.310467
-0.450989
-0.3242
0.345632
-0.731567
0.431914
-0.591411
0.00685251
0.245608
0.30191
0.187515
0.459818
-0.562014
-0.863824
0.191463
0.41926
0.411139
-0.452873
-0.717665
0.522429
-0.588143
-0.0877394
0.305672
0.5829
0.0192161
-0.108696
-0.164056
-0.122838
-0.774012
-0.0878078
-0.842222
-0.307475
-0.196854
-0.16665
0.759629
0.099554
0.0921764
-0.369187
0.847208
-0.57959
0.771546
-0.157565
-0.861452
0.380467
-0.0285586
0.264872
-0.523639
-0.0636427
0.202579
0.0909102
-0.301676
-0.118037
-0.801216
-0.416641
0.0972519
0.0910884
0.538466
0.394172
0.17114
0.383905
-0.549585
-0.779181
-0.660149
-0.105402
0.46341
-0.156214
-0.271837
-0.356846
-0.543847
-0.366881
0.403243
-0.0604555
-0.221033
-0.142631
0.0369081
0.00303724
-0.184021
-0.102774
-0.482643
-0.377248
-0.147728
0.419021
0.0295733
-0.214467
0.469415
0.0127652
0.51842
-0.576226
0.464711
-0.674406
-0.253702
-0.190801
-0.130612
0.540583
0.450134
0.0737416
0.735016
-0.386027
-0.511857
0.417552
0.670727
0.23907
0.17259
-0.381808
0.204744
-0.606213
0.0468123
-0.0791841
-0.545876
-0.754559
0.264612
0.717111
0.685134
-0.749706
-0.350629
-0.528727
-0.0108715
0.410589
-0.495232
-0.368787
0.494185
0.818063
0.482736
0.0309251
-0.482934
0.454203
0.525095
0.0821986
0.304351
0.0971317
0.480699
0.61911
0.772371
0.24339
0.53532
-0.401045
-0.0152775
-0.561646
-0.240906
0.792359
-0.576643
-0.0952264
0.736093
0.603622
-0.582842
-0.13301
0.0549854
-0.401564
0.00896209
-0.0609804
-0.146534
0.726047
-0.555894
0.612643
-0.443381
0.283578
-0.0297217
-0.676804
0.0359997
-0.233699
-0.139952
-0.325919
-0.149322
-0.0182146
0.0132741
-0.340904
0.914551
0.235146
0.335297
0.515638
0.432545
0.380889
0.34422
-0.755422
-0.0285276
-0.227264
-0.0167801
0.681455
-0.272092
0.0114349
-0.247764
-0.0113836
0.482447
-0.508459
0.537317
0.166848
0.694348
-0.35469
0.164472
-0.50915
-0.894391
-0.116538
-0.946926
-0.49924
0.236471
0.689051
0.643311
0.682095
0.175172
-0.34172
-0.0536457
0.323262
-0.191872
0.419458
0.423555
0.55158
0.247603
-0.113794
-0.685737
0.0412758
0.507775
-0.132656
0.468866
0.660436
0.473262
-0.416356
0.681783
0.473583
-0.180557
-0.249814
0.249148
0.338643
0.0694402
-0.223807
0.0424462
-0.166594
-0.614656
-0.129099
0.271002
-0.794477
-0.357046
-0.36191
0.851375
0.158063
-0.343494
-0.157866
0.639301
0.074855
0.478669
0.0736404
-0.201072
0.861739
0.183418
0.399184
0.356357
0.0740664
-0.507708
0.602869
-0.605573
0.227018
0.488977
0.336607
-0.116786
0.246526
-0.505361
-0.32399
-0.366227
0.0451447
-0.207334
0.793186
0.779592
0.607693
0.501158
-0.865924
-0.16469
0.743409
0.116493
0.245467
-0.0905125
-0.160098
0.362005
0.377023
0.124711
0.166151
-0.491506
0.0932167
0.143164
0.39431
0.80021
0.470203
0.361281
0.182658
-0.0937695
0.517473
0.0809583
0.32625
-0.635992
-0.482112
-0.00818968
-0.241786
0.396747
-0.353283
-0.4963
0.38302
-0.41863
0.313483
-0.244379
0.20133
0.459723
-0.0868525
-0.106239
0.119051
0.322026
0.709184
-0.3795
0.157156
-0.838318
0.640772
0.277788
-0.489798
-0.1094
-0.624947
-0.685341
-0.227236
0.0319279
0.104859
-0.104461
0.188169
-0.420719
0.177637
-0.430757
0.572284
-0.855119
0.612695
0.390187
-0.139415
0.353897
-0.246487
0.464352
0.0997676
0.580682
-0.520733
-0.344428
0.256936
0.132915
-0.151463
-0.0439809
0.540146
0.259564
-0.630774
0.514455
-0.0203828
-0.70931
-0.059205
-0.237631
-0.8813
-0.909823
0.431813
-0.358687
0.178811
-0.24873
-0.834889
-0.133993
-0.0790737
-0.336326
-0.457595
-0.666552
-0.688928
-0.0339437
0.407284
-0.467742
0.246317
0.186363
0.770954
0.470774
-0.0262117
-0.457118
0.0772689
0.134444
-0.465985
0.36989
0.156451
0.010141
0.259327
-0.716015
0.548131
-0.649323
0.656772
-0.404741
0.319999
-0.357653
0.196885
0.317762
-0.704067
-0.122311
-0.61795
-0.0976685
-0.16936
-0.310776
-0.394838
-0.446901
-0.454817
-0.612118
0.173716
0.62999
-0.217524
-0.535441
0.547733
-0.611417
0.153895
-0.200922
0.330575
-0.401842
0.316202
-0.425976
-0.729725
-0.747195
-0.261506
0.649223
0.20216
0.68691
0.10714
0.405171
0.593091
0.300135
-0.0230591
-0.483772
-0.431621
-0.141785
-0.330835
0.601305
-0.948076
-0.575062
0.0909492
0.630022
0.451497
-0.478119
0.467702
-0.530558
-0.802534
-0.706092
-0.83603
-0.171202
-0.336779
-0.637873
-0.238399
0.245141
-0.2318
-0.769526
-0.654209
0.0661035
-0.349901
0.091052
-0.757566
0.379173
-0.251996
-0.217097
-0.0630684
-0.770672
0.407697
0.0552919
0.43352
0.664724
0.642307
-0.198011
0.332934
0.588597
0.0879345
-0.0499528
-0.620826
0.226426
0.0358886
0.506623
-0.367907
-0.540121
-0.343454
0.291878
0.290417
-0.228003
-0.434616
0.401819
-0.384458
-0.647071
-0.375929
-0.628775
-0.169703
-0.0816871
-0.417625
0.831634
-0.182687
-0.225931
0.324963
0.0756471
-0.0647322
0.684779
-0.1814
-0.664424
0.527237
0.207467
0.641732
0.807249
0.0913187
-0.467147
-0.313444
0.174003
0.296851
0.283742
-0.172961
0.140045
-0.674594
-0.441384
-0.0578105
-0.267967
-0.300228
-0.300644
0.501027
0.49557
0.530746
0.0585026
-0.0887141
0.425827
-0.45556
-0.519818
-0.167518
-0.232821
-0.262683
-0.924226
0.037823
0.235095
0.461161
0.105779
-0.0879521
0.0208246
-0.0996151
0.405932
0.761765
0.437282
-0.0315718
0.0516782
-0.403023
0.331169
-0.613384
0.20076
0.0841716
-0.0243812
-0.446492
-0.406391
0.779968
-0.00961735
-0.629422
-0.292132
-0.319176
0.282924
-0.460726
0.44835
-0.0400321
0.630944
0.00979893
-0.57028
-0.47615
-0.137456
0.501019
-0.0831405
-0.114683
0.251119
0.886555
-0.187124
0.519432
-0.16899
-0.469909
-0.718856
-0.110992
0.082723
-0.634553
0.145229
-0.627185
0.0515381
0.0728656
0.429661
-0.701528
-0.17249
0.830504
0.149605
0.0437601
0.791249
-0.0989923
0.351848
0.346678
-0.17927
0.137301
-0.335182
-0.550394
0.326291
0.404745
-0.567453
-0.58396
-0.651367
-0.71781
-0.0423902
-0.133462
-0.0442445
0.356739
-0.265139
-0.552942
0.487577
-0.116382
0.146841
0.549848
0.693328
-0.171038
-0.710315
0.289532
0.650213
-0.127892
0.771542
0.322407
0.660604
-0.0821705
-0.101694
0.321469
-0.487301
0.909767
-0.663598
-0.280943
0.920218
-0.147853
0.115515
0.703301
-0.117329
-0.436194
-0.331216
0.162604
-0.284571
0.0417507
0.0166226
-0.509073
0.742883
-0.45593
0.373236
-0.204168
0.455177
-0.508609
0.585152
0.0746971
-0.521683
0.470069
0.0364805
-0.622617
-0.64251
0.563106
-0.328638
-0.151492
-0.766802
-0.9062
-0.54238
0.0875961
-0.827809
-0.281393
-0.432163
0.842626
0.203454
-0.0178459
0.0503758
-0.355834
-0.349029
0.176424
0.211379
-0.0269725
0.374539
0.209707
-0.517735
0.229321
-0.526012
-0.569345
-0.325994
-0.00808774
-0.641495
0.295506
0.170805
0.3352
0.0357141
-0.459943
-0.337076
-0.232233
0.616999
0.403643
0.00370603
-0.291294
0.395914
0.565415
-0.897291
0.579427
0.477728
-0.462023
-0.299662
-0.181742
0.158614
0.583081
-0.237541
-0.0996507
0.656782
-0.833295
0.461165
0.877483
-0.370457
0.0282146
0.177849
0.118312
0.0105759
-0.214108
0.643092
-0.302425
-0.739811
-0.450879
0.0530498
0.392771
0.453555
0.0691727
-0.424345
-0.222379
0.201252
0.360013
0.182149
-0.0266389
-0.377566
-0.00113919
-0.800256
0.531798
0.0274588
0.629335
0.63178
-0.0862467
0.166779
0.652691
0.626579
0.14929
0.525954
-0.851586
0.422689
0.270853
-0.0133957
0.0577004
0.185691
0.688409
0.462945
-0.2857
-0.15714
0.023631
0.232993
-0.586871
0.590658
0.114678
-0.108922
0.364391
0.0744042
0.817764
0.941469
-0.608553
-0.565525
0.893198
0.422386
-0.392686
-0.424695
-0.400982
-0.47923
-0.509804
0.450694
-0.734631
-0.316656
0.706658
0.434842
0.249465
0.0201453
0.84415
0.0732627
0.253844
-0.304604
-0.428379
-0.599009
-0.425009
-0.0568383
0.349505
-0.914763
0.741163
0.0409607
0.544511
0.299208
-0.141657
0.652077
-0.12971
0.367594
-0.170744
0.627352
-0.160908
-0.372043
-0.272115
0.63896
0.909555
0.473551
-0.636974
0.0112199
0.839204
0.206391
-0.0276802
0.693703
-0.412892
-0.48839
0.269231
0.367412
0.283321
-0.245053
0.362434
-0.172862
-0.241966
-0.0201108
0.506432
-0.795815
-0.393208
-0.000460104
0.628352
0.213046
-0.17544
-0.427249
-0.386974
0.2569
0.807022
0.732068
-0.47412
-0.208814
0.0478448
0.291156
0.0817901
0.0811599
0.271432
-0.050955
0.693353
0.446008
0.223054
0.729125
0.203108
0.815471
0.283827
-0.59178
-0.233142
-0.211434
-0.561837
-0.0632036
-0.418802
-0.143216
0.573204
0.0267495
0.206848
0.607541
-0.0454127
-0.183015
0.69933
0.0783878
-0.092286
-0.256051
0.0229571
0.275966
0.173178
-0.682922
0.523967
0.41945
-0.288524
-0.53951
-0.53403
-0.488033
0.499252
-0.187469
-0.307582
-0.260854
0.0268363
-0.090021
0.487881
0.477693
0.200076
-0.774067
0.343031
-0.570092
0.061163
0.516865
-0.805061
0.113321
0.851649
-0.464163
-0.114071
0.0385036
0.242059
-0.0100881
-0.228826
-0.0654978
-0.394023
-0.931481
-0.476792
0.839022
0.454943
0.0270794
0.40957
-0.663098
0.118897
-0.708949
0.756603
-0.383111
0.516142
0.0952578
0.502501
0.301145
0.241455
-0.679959
0.227682
-0.599128
-0.22014
0.149756
-0.554621
-0.277523
0.498541
-0.015918
0.487003
-0.108093
0.342178
0.124201
-0.602464
-0.640238
-0.675826
0.129453
0.728023
-0.297664
0.205875
-0.333614
0.817969
-0.597211
-0.0253184
0.800865
0.269737
-0.566878
-0.541844
0.525829
0.0208781
-0.401043
-0.157444
-0.794523
0.20423
0.159489
0.671009
-0.0349209
-0.328031
-0.263976
-0.599027
0.041659
-0.156397
0.807156
-0.571767
0.310451
0.0767656
-0.750642
0.772801
0.942267
-0.497822
0.849596
0.0571031
-0.530017
-0.171279
-0.387725
0.0436292
0.866112
-0.22018
0.615282
-0.791682
0.315948
0.0926119
0.269451
-0.489229
0.254385
0.185543
-0.694128
-0.201396
-0.183607
-0.334076
0.57322
-0.0356976
0.0434458
0.0828079
0.646775
0.540409
0.148839
0.325395
0.171464
-0.0117924
-0.395823
-0.22845
0.386529
0.443526
-0.213329
0.311826
0.101328
0.0708471
0.033605
-0.66327
0.245136
-0.41203
-0.670036
-0.438716
0.36765
0.606554
-0.326634
-0.154438
0.269409
-0.778418
-0.321423
0.316066
-0.547322
0.629815
-0.135968
-0.116593
-0.113553
0.297961
-0.205492
0.531965
0.527931
0.415028
0.336684
-0.669292
-0.0396578
-0.422595
0.206599
-0.824842
-0.380852
-0.538077
0.0213667
0.205177
-0.200479
-0.610482
-0.575028
-0.372178
0.203322
0.254463
0.203867
0.268518
0.616575
-0.334403
-0.70992
0.574676
0.231387
-0.368554
-0.313118
-0.904054
0.203493
0.407244
0.0305695
0.45315
-0.876082
-0.0787658
0.0596137
0.33947
0.257872
-0.424606
0.484138
0.080282
0.332566
-0.476085
-0.503036
-0.891857
0.617729
0.41352
0.0802333
-0.0887068
0.105649
0.136193
-0.43128
-0.0512
0.0152458
-0.840793
0.353144
-0.837939
-0.858678
0.0697185
-0.374506
0.171718
0.0858763
0.751346
0.0894457
-0.487051
0.162176
0.712799
0.314474
-0.077553
-0.924419
0.642801
0.3219
0.659299
0.456773
0.0240789
-0.140005
0.255746
0.651222
-0.465864
0.0475563
0.36558
-0.30018
0.527811
0.0293217
-0.544955
0.492202
0.287859
0.443907
-0.711938
-0.155824
-0.459838
-0.651726
0.398931
0.536215
-0.0593885
-0.173807
0.513988
0.660235
0.545681
-0.212314
-0.0437094
-0.0787292
0.504188
0.329221
0.615844
0.443912
-0.42022
-0.0188415
-0.319611
-0.0419994
0.447399
-0.408657
-0.363384
0.543982
-0.757769
-0.128121
-0.425059
0.0333798
-0.583087
0.249906
0.202743
-0.412528
0.045933
-0.104183
-0.295291
-0.808501
0.496538
0.435315
-0.278597
0.282644
0.239377
0.846554
0.298562
0.434641
0.494692
-0.57172
-0.231644
0.412426
0.191021
-0.380216
0.761988
-0.534756
0.110315
-0.0808821
0.588839
0.275425
0.389996
0.0893746
-0.281924
0.602627
0.896589
-0.427353
0.153335
-0.680006
-0.334595
0.434787
-0.0560456
-0.757896
0.100733
0.169174
-0.315052
0.0999504
0.0886336
0.656806
-0.586364
0.214759
-0.497464
0.684244
-0.440164
0.144733
-0.719018
-0.401999
-0.110989
-0.0588786
0.743112
0.132863
0.231188
0.17745
-0.525351
0.0798349
0.673083
0.440628
-0.067799
-0.0493187
-0.107869
0.248717
-0.100455
-0.304609
0.630305
-0.882208
0.628236
-0.490255
0.191705
-0.0238123
0.767292
-0.263055
0.0837761
0.349892
-0.0928586
0.651678
-0.483928
0.376744
0.339233
0.190681
-0.01812
-0.2542
0.188528
0.595061
-0.548095
-0.459487
-0.720548
0.205232
0.117942
-0.428054
0.21359
0.943103
-0.0352603
-0.204405
0.127602
0.197137
0.178514
0.713607
0.578109
-0.780865
0.154692
0.0166855
0.265375
-0.801828
-0.00653526
-0.965098
-0.107752
-0.523999
0.26846
-0.286135
-0.161717
-0.193531
0.806879
0.530132
-0.614459
-0.59401
0.248028
-0.566806
-0.00321793
-0.490178
-0.453849
0.0180841
0.814462
0.57966
-0.814429
-0.289433
0.491212
-0.134509
0.133947
0.615289
0.0348566
0.162262
0.367124
0.655231
0.0706301
0.87212
-0.0919746
0.340936
0.419208
0.150834
0.651675
0.248969
-0.641901
0.150465
-0.616714
0.129433
-0.464727
0.768777
0.25571
-0.0359411
-0.250104
0.585995
0.569888
0.497849
0.569027
0.268529
-0.845378
0.848334
0.0250186
0.380658
0.753764
0.0557911
0.365524
-0.372641
0.336159
-0.59051
-0.299077
-0.193716
0.206277
0.366168
-0.73703
-0.816378
0.562068
-0.733255
0.617239
0.618904
0.840218
-0.530576
0.599097
-0.591461
0.0519339
0.103237
-0.0662943
0.321884
-0.540316
0.0332902
-0.746447
0.230767
-0.437994
-0.213895
-0.489792
-0.566355
0.428635
0.151026
-0.689337
-0.350154
-0.458101
-0.256545
0.549222
0.482532
-0.0407834
-0.512236
-0.711111
0.00903424
-0.35133
-0.00452704
-0.218695
0.613178
0.35124
0.696451
-0.185904
-0.0120202
0.553432
0.0485132
0.611287
-0.590052
0.261328
0.445205
0.264544
0.617656
-0.323101
-0.245142
0.497672
-0.229558
-0.241375
0.182136
0.0272415
0.252169
-0.254382
-0.128911
-0.36232
-0.0892116
0.769019
0.210048
-0.244231
-0.497185
-0.386363
-0.0644355
0.41622
0.26474
-0.554726
0.122938
0.526304
0.518678
-0.108677
0.220908
0.57596
-0.547556
0.588286
-0.257169
-0.342254
-0.446926
0.556177
-0.755178
-0.36084
-0.81571
0.453411
0.371805
-0.624106
-0.139454
0.764034
-0.270116
-0.33043
0.784454
-0.137768
-0.326417
0.185116
-0.27292
-0.655722
-0.150626
0.635605
-0.255976
-0.626195
-0.366042
0.377893
-0.148487
-0.143209
0.3171
-0.525627
0.856573
-0.588236
0.0121523
0.301455
0.321429
-0.398233
0.0258658
-0.593333
0.375327
-0.33412
-0.471011
0.0837453
-0.395432
0.871311
0.672882
0.291127
0.554966
0.917524
-0.00170927
0.531656
-0.822287
-0.0719555
0.56847
-0.155763
-0.22857
0.717622
0.48281
0.411622
0.084174
0.331449
-0.594476
0.109496
-0.791041
-0.216517
0.345682
0.133382
-0.327322
-0.322338
-0.00990018
0.299784
-0.458916
0.0371626
0.370609
-0.638404
-0.222257
-0.462259
0.211739
0.352805
0.209523
0.869878
0.614775
-0.322078
0.82777
-0.624037
-0.151097
0.415397
-0.868169
0.500164
-0.0599903
0.48882
-0.258683
0.406787
0.610235
-0.0152894
0.517808
0.0642762
0.104696
-0.259506
-0.361993
0.182385
-0.289628
0.495512
-0.41898
0.241452
0.312159
0.415832
-0.0794848
0.298636
0.546994
-0.595401
0.397438
0.641038
0.545685
-0.641448
-0.762907
-0.174533
0.56085
0.472784
0.325581
0.110475
0.287568
-0.878744
0.763017
0.0635428
0.291425
0.0576827
-0.21751
-0.122798
-0.276679
-0.749983
-0.331391
0.156516
-0.32191
-0.579841
-0.601849
-0.571183
0.336079
0.599316
-0.503178
0.560408
0.248198
