-2.143779 1.0
-2.222819 1.0
1.3786842 1.0
2.2716813 1.0
-0.884641 1.0
0.4153344 1.0
0.8424124 1.0
-2.818166 1.0
-1.835315 1.0
-2.082289 1.0
-1.077135 1.0
1.0990667 1.0
2.2530286 1.0
0.9940962 1.0
1.6577655 1.0
1.4244838 1.0
1.6503623 1.0
1.5954389 1.0
1.5623502 1.0
2.6042506 1.0
-1.467356 1.0
2.9985041 1.0
1.6057529 1.0
2.2272429 1.0
1.1792389 1.0
-0.530889 1.0
0.2761101 1.0
-1.676593 1.0
-2.109319 1.0
-1.557446 1.0
-1.610098 1.0
-1.932459 1.0
-2.840614 1.0
-0.894860 1.0
-1.024697 1.0
1.6563520 1.0
2.0241241 1.0
-2.490483 1.0
1.0267746 1.0
-0.842213 1.0
1.0456343 1.0
2.6077435 1.0
1.2425198 1.0
-1.664990 1.0
-1.367786 1.0
0.9437933 1.0
0.7754645 1.0
-2.022184 1.0
2.9234890 1.0
-2.551018 1.0
-1.494913 1.0
1.2967113 1.0
-0.460205 1.0
0.0421589 1.0
-2.761824 1.0
1.6813782 1.0
1.4091307 1.0
1.9072632 1.0
-1.409662 1.0
-1.702777 1.0
2.2727742 1.0
1.2752687 1.0
2.0084867 1.0
1.0687224 1.0
-2.781552 1.0
-1.344552 1.0
-1.492648 1.0
1.2144823 1.0
1.5880029 1.0
2.6286440 1.0
3.0055933 1.0
0.7015252 1.0
-1.595670 1.0
0.8721658 1.0
-1.596071 1.0
-1.917789 1.0
0.7097852 1.0
0.9137464 1.0
-1.937563 1.0
-1.344081 1.0
-2.535779 1.0
0.7378597 1.0
-1.996688 1.0
2.0102324 1.0
0.7458910 1.0
0.8902701 1.0
-1.937448 1.0
-1.995081 1.0
1.4583277 1.0
0.9187260 1.0
-1.094626 1.0
-2.020667 1.0
1.2072404 1.0
2.7917275 1.0
2.2645440 1.0
1.4223105 1.0
1.2319945 1.0
-1.753842 1.0
-2.891128 1.0
-1.206762 1.0
1.6724497 1.0
1.6596136 1.0
-1.797201 1.0
-1.335104 1.0
-0.513746 1.0
1.1921726 1.0
-1.158544 1.0
-1.700361 1.0
-1.534703 1.0
0.1382174 1.0
-1.624552 1.0
0.1577089 1.0
-1.922748 1.0
0.9852003 1.0
1.1241649 1.0
-1.684060 1.0
1.9393042 1.0
1.7726384 1.0
1.8126789 1.0
-2.318904 1.0
1.1365723 1.0
0.7716005 1.0
1.5750101 1.0
1.5566861 1.0
-1.574887 1.0
-1.600600 1.0
-1.838073 1.0
-1.877539 1.0
0.9376770 1.0
-1.322597 1.0
1.9256532 1.0
1.8182719 1.0
0.4874562 1.0
-2.133702 1.0
-1.846779 1.0
1.7912599 1.0
2.1946118 1.0
-0.813037 1.0
-2.603792 1.0
1.0810406 1.0
1.8846736 1.0
2.3102648 1.0
2.3824212 1.0
2.3402996 1.0
0.7464505 1.0
1.4483327 1.0
0.7921231 1.0
-2.248352 1.0
1.5307271 1.0
-1.698473 1.0
-0.194523 1.0
-1.637954 1.0
0.9004583 1.0
0.4658250 1.0
1.8055337 1.0
-2.158664 1.0
-0.801850 1.0
-1.400227 1.0
-1.408280 1.0
-1.286468 1.0
-2.553587 1.0
-1.706711 1.0
0.7849395 1.0
2.1734638 1.0
-2.115927 1.0
2.9105863 1.0
2.0039148 1.0
-1.872998 1.0
2.2114255 1.0
-2.046406 1.0
-0.114233 1.0
-2.172110 1.0
2.1880844 1.0
1.9492394 1.0
0.6716307 1.0
1.3687672 1.0
-1.872473 1.0
-0.385638 1.0
-2.106690 1.0
-1.640412 1.0
-2.397536 1.0
-2.289185 1.0
-1.899056 1.0
-1.844357 1.0
2.4364952 1.0
1.9637733 1.0
-1.184815 1.0
1.8455969 1.0
1.1277222 1.0
1.8583130 1.0
-1.644141 1.0
0.9652299 1.0
1.0884771 1.0
1.5111089 1.0
-1.550386 1.0
1.9323000 1.0
-0.858895 1.0
1.6734808 1.0
0.3584862 1.0
-1.892373 1.0
1.6119571 1.0
2.3164007 1.0
1.9294816 1.0
-1.321733 1.0
-2.323434 1.0
-0.999623 1.0
2.1543605 1.0
-1.574689 1.0
-1.982966 1.0
2.0234103 1.0
-2.533712 1.0
1.5657469 1.0
1.4159399 1.0
-2.634436 1.0
1.6569148 1.0
-0.427371 1.0
2.3941290 1.0
-1.839713 1.0
-0.956704 1.0
1.9664355 1.0
0.8099637 1.0
0.4273524 1.0
-2.102337 1.0
2.1270611 1.0
2.6222078 1.0
-1.625561 1.0
1.4514078 1.0
1.7721262 1.0
-1.450364 1.0
2.3592777 1.0
-1.736823 1.0
2.1591083 1.0
0.1013291 1.0
1.8890458 1.0
-2.612966 1.0
-1.500524 1.0
1.6902137 1.0
-0.673866 1.0
-1.649362 1.0
0.3993547 1.0
2.1240844 1.0
-2.223475 1.0
0.4076946 1.0
1.1489019 1.0
2.2048971 1.0
1.7995407 1.0
-0.053654 1.0
-0.823246 1.0
-1.162817 1.0
-2.777203 1.0
1.5890799 1.0
0.3395762 1.0
-2.008768 1.0
-1.774384 1.0
1.4092370 1.0
-2.043953 1.0
-1.966957 1.0
1.0966047 1.0
0.9040910 1.0
1.1951966 1.0
1.6707683 1.0
0.2744691 1.0
-0.767349 1.0
-1.499962 1.0
-1.693696 1.0
-1.096458 1.0
-0.921439 1.0
1.7303836 1.0
-0.998223 1.0
-1.163362 1.0
-0.641103 1.0
1.4066319 1.0
1.1705900 1.0
1.5062115 1.0
-2.366515 1.0
0.7918396 1.0
-0.837829 1.0
-1.833378 1.0
-0.850569 1.0
-1.306141 1.0
-1.663039 1.0
1.5057616 1.0
-2.055444 1.0
-1.558962 1.0
-2.201330 1.0
-1.501672 1.0
1.2824036 1.0
-1.823349 1.0
-1.112027 1.0
-0.609908 1.0
0.6041484 1.0
1.9498013 1.0
-1.148710 1.0
1.7319153 1.0
2.3937551 1.0
-2.124624 1.0
0.9750329 1.0
2.6404488 1.0
-1.672903 1.0
-1.358838 1.0
-0.850742 1.0
1.6273667 1.0
-0.329377 1.0
-0.997370 1.0
-2.079495 1.0
-1.304926 1.0
-1.211707 1.0
-1.994264 1.0
0.8754885 1.0
0.7466863 1.0
-2.161614 1.0
-2.682461 1.0
-2.625047 1.0
-2.005729 1.0
0.4709772 1.0
-2.103384 1.0
1.7453886 1.0
-2.745446 1.0
-1.013402 1.0
-2.916901 1.0
2.2953920 1.0
-0.826123 1.0
-1.855727 1.0
-1.895871 1.0
0.8810635 1.0
2.1897149 1.0
-1.116232 1.0
1.1783730 1.0
1.3503219 1.0
0.5223077 1.0
2.2236266 1.0
-1.011571 1.0
-1.369844 1.0
2.3949603 1.0
-1.001288 1.0
2.3496868 1.0
-2.792523 1.0
-2.013696 1.0
-1.208872 1.0
-0.246538 1.0
1.5567501 1.0
1.9426160 1.0
-1.131515 1.0
-1.533129 1.0
2.7618288 1.0
-2.031301 1.0
-0.811157 1.0
2.2866225 1.0
-1.847759 1.0
-1.724270 1.0
-1.671257 1.0
-1.574681 1.0
1.5541702 1.0
1.4115924 1.0
1.9844755 1.0
-1.683346 1.0
-1.725220 1.0
-2.560172 1.0
-1.635925 1.0
2.7430622 1.0
1.7061133 1.0
-1.592665 1.0
-1.750452 1.0
2.3919718 1.0
-1.430286 1.0
1.2040861 1.0
0.6090690 1.0
-1.735597 1.0
-1.706547 1.0
-2.639835 1.0
1.5911896 1.0
-2.375217 1.0
-1.972856 1.0
-1.768886 1.0
2.0440301 1.0
2.0777385 1.0
2.1095960 1.0
-1.075355 1.0
1.3531396 1.0
0.5547754 1.0
3.0775926 1.0
1.4112683 1.0
-1.428492 1.0
2.1297323 1.0
1.1198591 1.0
2.1435546 1.0
0.0902418 1.0
-0.188612 1.0
-1.629655 1.0
0.6962711 1.0
-1.434499 1.0
1.0070306 1.0
-0.873159 1.0
-0.664581 1.0
-1.371332 1.0
0.8171725 1.0
-0.878037 1.0
1.4175927 1.0
0.8138555 1.0
-1.783930 1.0
0.7710836 1.0
1.9045863 1.0
0.4712426 1.0
0.8645338 1.0
2.1355488 1.0
2.0666813 1.0
-1.398409 1.0
2.0583281 1.0
-1.666280 1.0
2.5501244 1.0
1.5176494 1.0
-0.955206 1.0
0.3892076 1.0
1.9930484 1.0
-0.076175 1.0
0.8525255 1.0
-1.569989 1.0
1.2258918 1.0
-2.472651 1.0
1.1788932 1.0
0.7115430 1.0
1.8166866 1.0
2.3409473 1.0
-2.325007 1.0
1.1072159 1.0
1.5644053 1.0
-1.014040 1.0
1.4709066 1.0
-1.117499 1.0
-1.283563 1.0
-0.817670 1.0
-0.426027 1.0
-1.624584 1.0
1.9902003 1.0
-1.691848 1.0
2.0528016 1.0
-1.303414 1.0
2.2245266 1.0
 1.474316 1.0
2.3237636 1.0
2.0765736 1.0
-0.694600 1.0
2.1476004 1.0
2.8456735 1.0
-1.092248 1.0
-0.483987 1.0
0.7261382 1.0
1.0023345 1.0
-0.379900 1.0
-2.007163 1.0
-1.325638 1.0
1.1662778 1.0
-1.696682 1.0
2.2206480 1.0
-1.457771 1.0
-1.214988 1.0
2.0954299 1.0
0.6019160 1.0
-1.862643 1.0
-2.294953 1.0
2.3529434 1.0
-1.048995 1.0
-1.670299 1.0
-1.377729 1.0
-0.629673 1.0
2.6594185 1.0
-0.810877 1.0
1.2469358 1.0
1.8151048 1.0
-0.579015 1.0
1.6248714 1.0
1.8495901 1.0
-1.309341 1.0
1.3127691 1.0
-1.168635 1.0
-1.035864 1.0
-2.562376 1.0
-2.038055 1.0
0.7535780 1.0
1.8689619 1.0
-0.834460 1.0
-1.390334 1.0
2.7316186 1.0
-2.313293 1.0
1.0391573 1.0
-0.964945 1.0
2.7512822 1.0
2.2176576 1.0
0.0958095 -1.0
-0.387146 -1.0
-2.426838 -1.0
0.1551336 -1.0
0.3517601 -1.0
0.3255548 -1.0
-2.975670 -1.0
-2.489625 -1.0
2.0544617 -1.0
-0.610287 -1.0
2.0367355 -1.0
3.0502710 -1.0
-2.747670 -1.0
0.0958128 -1.0
2.5707058 -1.0
2.5350272 -1.0
-0.879751 -1.0
-0.862399 -1.0
0.2281749 -1.0
2.2418725 -1.0
2.3470771 -1.0
0.1408909 -1.0
0.6141335 -1.0
-1.849072 -1.0
1.1619789 -1.0
2.9416825 -1.0
2.8486247 -1.0
-1.157853 -1.0
2.7759821 -1.0
2.9040262 -1.0
-2.206321 -1.0
-2.867099 -1.0
1.6651626 -1.0
3.0464775 -1.0
2.3128092 -1.0
-3.001399 -1.0
0.2589115 -1.0
0.7791298 -1.0
1.2225341 -1.0
-0.236987 -1.0
2.9310877 -1.0
2.6140201 -1.0
2.5318338 -1.0
1.9929356 -1.0
0.1572266 -1.0
-2.284447 -1.0
-0.918530 -1.0
2.9392459 -1.0
2.5064890 -1.0
3.0291211 -1.0
0.4550686 -1.0
0.6293043 -1.0
2.7315664 -1.0
3.0824627 -1.0
2.7785851 -1.0
-0.610848 -1.0
2.6400680 -1.0
-0.266688 -1.0
0.6192754 -1.0
-3.022200 -1.0
-2.962165 -1.0
-0.300239 -1.0
0.0071034 -1.0
 0.053615 -1.0
-1.639307 -1.0
-2.391005 -1.0
0.3284271 -1.0
-0.287587 -1.0
3.0284447 -1.0
0.2570702 -1.0
-2.341527 -1.0
2.8890867 -1.0
0.0537518 -1.0
-2.522724 -1.0
-2.979679 -1.0
0.6603205 -1.0
0.8313429 -1.0
0.3121976 -1.0
-2.805851 -1.0
-0.572475 -1.0
-2.284459 -1.0
0.1322464 -1.0
2.5459353 -1.0
-1.959802 -1.0
1.0394238 -1.0
2.8428371 -1.0
-0.668332 -1.0
-2.364520 -1.0
-2.696174 -1.0
1.9486786 -1.0
-2.215392 -1.0
-2.275105 -1.0
-2.511769 -1.0
1.9634495 -1.0
-3.028274 -1.0
0.3804843 -1.0
-1.999543 -1.0
-0.217958 -1.0
0.7795382 -1.0
2.3275580 -1.0
-2.014668 -1.0
-3.014282 -1.0
3.1385421 -1.0
-0.670721 -1.0
0.1564752 -1.0
-0.833804 -1.0
-2.719892 -1.0
2.5122368 -1.0
-0.997686 -1.0
2.7645850 -1.0
-3.122481 -1.0
0.1281085 -1.0
-2.612967 -1.0
2.9011802 -1.0
2.9693825 -1.0
1.5297254 -1.0
0.1241762 -1.0
0.2947593 -1.0
-0.253582 -1.0
3.0046515 -1.0
-0.204673 -1.0
1.8526745 -1.0
0.4873113 -1.0
-0.213729 -1.0
2.9268584 -1.0
-0.831438 -1.0
0.1502924 -1.0
-3.65e-05 -1.0
-0.259851 -1.0
-2.954833 -1.0
-3.108734 -1.0
0.4476188 -1.0
-1.578970 -1.0
-0.095665 -1.0
-1.016392 -1.0
2.6557765 -1.0
0.6461530 -1.0
0.3012751 -1.0
-0.092671 -1.0
0.1873637 -1.0
2.0967157 -1.0
0.9314124 -1.0
1.1472910 -1.0
0.5831578 -1.0
-2.861280 -1.0
-0.951083 -1.0
2.5122382 -1.0
0.3265765 -1.0
0.1934143 -1.0
-2.850908 -1.0
2.7753186 -1.0
-2.974752 -1.0
-2.587383 -1.0
2.6529681 -1.0
-3.079739 -1.0
2.8167865 -1.0
-0.034165 -1.0
-0.692633 -1.0
0.3910973 -1.0
-2.921100 -1.0
2.5929238 -1.0
0.0365563 -1.0
-0.829280 -1.0
0.0476812 -1.0
0.2484907 -1.0
0.3099010 -1.0
-0.929385 -1.0
0.1476665 -1.0
2.3628297 -1.0
-2.695146 -1.0
-2.185297 -1.0
-2.205477 -1.0
2.9295859 -1.0
0.6764129 -1.0
-2.290605 -1.0
-2.756941 -1.0
3.0947301 -1.0
0.2540894 -1.0
2.2587354 -1.0
0.3358135 -1.0
0.1477377 -1.0
-3.094478 -1.0
0.5920952 -1.0
0.7123307 -1.0
2.5327485 -1.0
1.4064543 -1.0
2.4143528 -1.0
0.3294755 -1.0
-0.632052 -1.0
0.6911740 -1.0
0.8433660 -1.0
-3.003858 -1.0
-2.541812 -1.0
2.1404023 -1.0
0.8586958 -1.0
-1.246834 -1.0
-0.397815 -1.0
-0.663531 -1.0
2.3448095 -1.0
2.2676222 -1.0
-1.603404 -1.0
-2.741201 -1.0
-2.258676 -1.0
0.6448391 -1.0
2.8160615 -1.0
3.1339159 -1.0
0.6933582 -1.0
0.2118354 -1.0
0.0659488 -1.0
0.2519620 -1.0
3.0668013 -1.0
2.9027078 -1.0
0.3742248 -1.0
0.4345909 -1.0
-2.937358 -1.0
-0.939255 -1.0
2.7792411 -1.0
0.3020995 -1.0
2.7021687 -1.0
 2.835006 -1.0
-2.914465 -1.0
2.8436763 -1.0
-0.085976 -1.0
2.5867195 -1.0
0.2951915 -1.0
-0.216974 -1.0
2.9327526 -1.0
2.2581560 -1.0
-2.934197 -1.0
-3.127383 -1.0
-2.870548 -1.0
-2.454918 -1.0
0.3837559 -1.0
-1.448540 -1.0
0.5134434 -1.0
2.6120848 -1.0
-0.140563 -1.0
2.0319085 -1.0
0.3146567 -1.0
-3.053653 -1.0
0.4507058 -1.0
-2.887146 -1.0
-0.669220 -1.0
1.0471851 -1.0
2.8837318 -1.0
2.8302476 -1.0
2.8799009 -1.0
-0.375514 -1.0
2.0618510 -1.0
-3.123528 -1.0
1.9833194 -1.0
2.3397190 -1.0
-0.129025 -1.0
-1.015205 -1.0
-2.037992 -1.0
-2.224666 -1.0
-1.477685 -1.0
-1.143440 -1.0
0.4747176 -1.0
1.3741834 -1.0
-2.306582 -1.0
2.5682103 -1.0
-1.441392 -1.0
-0.920016 -1.0
0.0707875 -1.0
-0.551202 -1.0
2.8818690 -1.0
-0.043279 -1.0
3.0518510 -1.0
2.8600137 -1.0
-3.000741 -1.0
-1.254572 -1.0
-0.361143 -1.0
2.1731658 -1.0
-2.984042 -1.0
0.8093295 -1.0
-0.734726 -1.0
1.1318042 -1.0
-2.773689 -1.0
-1.849455 -1.0
1.7265997 -1.0
-2.414365 -1.0
0.3460386 -1.0
-0.328353 -1.0
2.6455890 -1.0
-3.038325 -1.0
2.0829121 -1.0
-3.043728 -1.0
3.1103885 -1.0
2.4610321 -1.0
2.6752786 -1.0
0.8406227 -1.0
-3.021076 -1.0
-0.087036 -1.0
0.4669827 -1.0
-1.722586 -1.0
-1.887870 -1.0
0.4733310 -1.0
-0.424547 -1.0
2.3287944 -1.0
2.3812391 -1.0
-2.529460 -1.0
0.2739695 -1.0
 2.175447 -1.0
0.6885740 -1.0
-2.432764 -1.0
-2.613146 -1.0
-0.126243 -1.0
1.2834699 -1.0
-0.180250 -1.0
2.6048991 -1.0
-0.834112 -1.0
-0.988559 -1.0
3.1215362 -1.0
-2.400018 -1.0
-0.883240 -1.0
-0.073841 -1.0
0.4745284 -1.0
2.5921583 -1.0
1.9699274 -1.0
2.8095381 -1.0
-0.837997 -1.0
0.9217648 -1.0
0.0492182 -1.0
-2.459692 -1.0
-3.092154 -1.0
2.4322740 -1.0
1.9788980 -1.0
2.8904538 -1.0
0.5181433 -1.0
-2.372463 -1.0
-2.904692 -1.0
-2.386384 -1.0
-2.849639 -1.0
2.4722647 -1.0
-0.392260 -1.0
-2.855767 -1.0
-0.116986 -1.0
-0.456324 -1.0
-0.520209 -1.0
0.2036292 -1.0
-0.076275 -1.0
0.1794828 -1.0
-2.786598 -1.0
-2.497192 -1.0
-0.336510 -1.0
-0.997850 -1.0
1.2082487 -1.0
0.6865954 -1.0
-3.123379 -1.0
-0.482541 -1.0
-2.554587 -1.0
-1.984743 -1.0
-1.150131 -1.0
-0.438345 -1.0
3.1396222 -1.0
2.2179124 -1.0
-2.845805 -1.0
0.1567965 -1.0
-0.576198 -1.0
-2.533388 -1.0
2.9786374 -1.0
2.6657183 -1.0
-1.696591 -1.0
-0.611923 -1.0
2.5303654 -1.0
-2.793426 -1.0
1.5793252 -1.0
2.8085341 -1.0
-1.458932 -1.0
-0.427572 -1.0
3.0938332 -1.0
2.9529168 -1.0
-1.752152 -1.0
1.8358780 -1.0
2.7279906 -1.0
-3.049499 -1.0
0.0337828 -1.0
-1.557195 -1.0
-0.132114 -1.0
-2.144112 -1.0
0.8540121 -1.0
-2.940915 -1.0
-0.890030 -1.0
0.8151481 -1.0
-0.456458 -1.0
0.7542843 -1.0
0.4715024 -1.0
-3.008039 -1.0
-2.242260 -1.0
-2.554820 -1.0
2.7077560 -1.0
0.6303417 -1.0
3.0291790 -1.0
3.0680944 -1.0
-0.635943 -1.0
-0.137776 -1.0
0.1893514 -1.0
-1.596031 -1.0
-1.936713 -1.0
-0.507098 -1.0
0.2238735 -1.0
1.2846382 -1.0
-0.513234 -1.0
0.0740890 -1.0
-2.604651 -1.0
1.0605621 -1.0
-1.136822 -1.0
-0.782058 -1.0
1.8709758 -1.0
-0.399259 -1.0
-2.238738 -1.0
-0.228598 -1.0
0.3872713 -1.0
0.5398569 -1.0
-2.779902 -1.0
1.3178321 -1.0
0.8762398 -1.0
3.1072721 -1.0
2.2966487 -1.0
0.1928346 -1.0
2.7613236 -1.0
-0.885423 -1.0
-0.504189 -1.0
-2.807898 -1.0
-0.516929 -1.0
-0.455094 -1.0
1.5223259 -1.0
-2.796746 -1.0
-2.703824 -1.0
-0.595827 -1.0
-0.000788 -1.0
-1.068187 -1.0
2.9861602 -1.0
0.1690502 -1.0
-2.060592 -1.0
-1.286368 -1.0
-0.098370 -1.0
2.4678478 -1.0
0.9970893 -1.0
0.1002259 -1.0
-0.597284 -1.0
2.6802413 -1.0
-0.325647 -1.0
