0.0958095 -1.0
-0.387146 -1.0
-2.426838 -1.0
0.1551336 -1.0
0.3517601 -1.0
0.3255548 -1.0
-2.975670 -1.0
-2.489625 -1.0
2.0544617 -1.0
-0.610287 -1.0
2.0367355 -1.0
3.0502710 -1.0
-2.747670 -1.0
0.0958128 -1.0
2.5707058 -1.0
2.5350272 -1.0
-0.879751 -1.0
-0.862399 -1.0
0.2281749 -1.0
2.2418725 -1.0
2.3470771 -1.0
0.1408909 -1.0
0.6141335 -1.0
-1.849072 -1.0
1.1619789 -1.0
2.9416825 -1.0
2.8486247 -1.0
-1.157853 -1.0
2.7759821 -1.0
2.9040262 -1.0
-2.206321 -1.0
-2.867099 -1.0
1.6651626 -1.0
3.0464775 -1.0
2.3128092 -1.0
-3.001399 -1.0
0.2589115 -1.0
0.7791298 -1.0
1.2225341 -1.0
-0.236987 -1.0
2.9310877 -1.0
2.6140201 -1.0
2.5318338 -1.0
1.9929356 -1.0
0.1572266 -1.0
-2.284447 -1.0
-0.918530 -1.0
2.9392459 -1.0
2.5064890 -1.0
3.0291211 -1.0
0.4550686 -1.0
0.6293043 -1.0
2.7315664 -1.0
3.0824627 -1.0
2.7785851 -1.0
-0.610848 -1.0
2.6400680 -1.0
-0.266688 -1.0
0.6192754 -1.0
-3.022200 -1.0
-2.962165 -1.0
-0.300239 -1.0
0.0071034 -1.0
 0.053615 -1.0
-1.639307 -1.0
-2.391005 -1.0
0.3284271 -1.0
-0.287587 -1.0
3.0284447 -1.0
0.2570702 -1.0
-2.341527 -1.0
2.8890867 -1.0
0.0537518 -1.0
-2.522724 -1.0
-2.979679 -1.0
0.6603205 -1.0
0.8313429 -1.0
0.3121976 -1.0
-2.805851 -1.0
-0.572475 -1.0
-2.284459 -1.0
0.1322464 -1.0
2.5459353 -1.0
-1.959802 -1.0
1.0394238 -1.0
2.8428371 -1.0
-0.668332 -1.0
-2.364520 -1.0
-2.696174 -1.0
1.9486786 -1.0
-2.215392 -1.0
-2.275105 -1.0
-2.511769 -1.0
1.9634495 -1.0
-3.028274 -1.0
0.3804843 -1.0
-1.999543 -1.0
-0.217958 -1.0
0.7795382 -1.0
2.3275580 -1.0
-2.014668 -1.0
-3.014282 -1.0
3.1385421 -1.0
-0.670721 -1.0
0.1564752 -1.0
-0.833804 -1.0
-2.719892 -1.0
2.5122368 -1.0
-0.997686 -1.0
2.7645850 -1.0
-3.122481 -1.0
0.1281085 -1.0
-2.612967 -1.0
2.9011802 -1.0
2.9693825 -1.0
1.5297254 -1.0
0.1241762 -1.0
0.2947593 -1.0
-0.253582 -1.0
3.0046515 -1.0
-0.204673 -1.0
1.8526745 -1.0
0.4873113 -1.0
-0.213729 -1.0
2.9268584 -1.0
-0.831438 -1.0
0.1502924 -1.0
-3.65e-05 -1.0
-0.259851 -1.0
-2.954833 -1.0
-3.108734 -1.0
0.4476188 -1.0
-1.578970 -1.0
-0.095665 -1.0
-1.016392 -1.0
2.6557765 -1.0
0.6461530 -1.0
0.3012751 -1.0
-0.092671 -1.0
0.1873637 -1.0
2.0967157 -1.0
0.9314124 -1.0
1.1472910 -1.0
0.5831578 -1.0
-2.861280 -1.0
-0.951083 -1.0
2.5122382 -1.0
0.3265765 -1.0
0.1934143 -1.0
-2.850908 -1.0
2.7753186 -1.0
-2.974752 -1.0
-2.587383 -1.0
2.6529681 -1.0
-3.079739 -1.0
2.8167865 -1.0
-0.034165 -1.0
-0.692633 -1.0
0.3910973 -1.0
-2.921100 -1.0
2.5929238 -1.0
0.0365563 -1.0
-0.829280 -1.0
0.0476812 -1.0
0.2484907 -1.0
0.3099010 -1.0
-0.929385 -1.0
0.1476665 -1.0
2.3628297 -1.0
-2.695146 -1.0
-2.185297 -1.0
-2.205477 -1.0
2.9295859 -1.0
0.6764129 -1.0
-2.290605 -1.0
-2.756941 -1.0
3.0947301 -1.0
0.2540894 -1.0
2.2587354 -1.0
0.3358135 -1.0
0.1477377 -1.0
-3.094478 -1.0
0.5920952 -1.0
0.7123307 -1.0
2.5327485 -1.0
1.4064543 -1.0
2.4143528 -1.0
0.3294755 -1.0
-0.632052 -1.0
0.6911740 -1.0
0.8433660 -1.0
-3.003858 -1.0
-2.541812 -1.0
2.1404023 -1.0
0.8586958 -1.0
-1.246834 -1.0
-0.397815 -1.0
-0.663531 -1.0
2.3448095 -1.0
2.2676222 -1.0
-1.603404 -1.0
-2.741201 -1.0
-2.258676 -1.0
0.6448391 -1.0
2.8160615 -1.0
3.1339159 -1.0
0.6933582 -1.0
0.2118354 -1.0
0.0659488 -1.0
0.2519620 -1.0
3.0668013 -1.0
2.9027078 -1.0
0.3742248 -1.0
0.4345909 -1.0
-2.937358 -1.0
-0.939255 -1.0
2.7792411 -1.0
0.3020995 -1.0
2.7021687 -1.0
 2.835006 -1.0
-2.914465 -1.0
2.8436763 -1.0
-0.085976 -1.0
2.5867195 -1.0
0.2951915 -1.0
-0.216974 -1.0
2.9327526 -1.0
2.2581560 -1.0
-2.934197 -1.0
-3.127383 -1.0
-2.870548 -1.0
-2.454918 -1.0
0.3837559 -1.0
-1.448540 -1.0
0.5134434 -1.0
2.6120848 -1.0
-0.140563 -1.0
2.0319085 -1.0
0.3146567 -1.0
-3.053653 -1.0
0.4507058 -1.0
-2.887146 -1.0
-0.669220 -1.0
1.0471851 -1.0
2.8837318 -1.0
2.8302476 -1.0
2.8799009 -1.0
-0.375514 -1.0
2.0618510 -1.0
-3.123528 -1.0
1.9833194 -1.0
2.3397190 -1.0
-0.129025 -1.0
-1.015205 -1.0
-2.037992 -1.0
-2.224666 -1.0
-1.477685 -1.0
-1.143440 -1.0
0.4747176 -1.0
1.3741834 -1.0
-2.306582 -1.0
2.5682103 -1.0
-1.441392 -1.0
-0.920016 -1.0
0.0707875 -1.0
-0.551202 -1.0
2.8818690 -1.0
-0.043279 -1.0
3.0518510 -1.0
2.8600137 -1.0
-3.000741 -1.0
-1.254572 -1.0
-0.361143 -1.0
2.1731658 -1.0
-2.984042 -1.0
0.8093295 -1.0
-0.734726 -1.0
1.1318042 -1.0
-2.773689 -1.0
-1.849455 -1.0
1.7265997 -1.0
-2.414365 -1.0
0.3460386 -1.0
-0.328353 -1.0
2.6455890 -1.0
-3.038325 -1.0
2.0829121 -1.0
-3.043728 -1.0
3.1103885 -1.0
2.4610321 -1.0
2.6752786 -1.0
0.8406227 -1.0
-3.021076 -1.0
-0.087036 -1.0
0.4669827 -1.0
-1.722586 -1.0
-1.887870 -1.0
0.4733310 -1.0
-0.424547 -1.0
2.3287944 -1.0
2.3812391 -1.0
-2.529460 -1.0
0.2739695 -1.0
 2.175447 -1.0
0.6885740 -1.0
-2.432764 -1.0
-2.613146 -1.0
-0.126243 -1.0
1.2834699 -1.0
-0.180250 -1.0
2.6048991 -1.0
-0.834112 -1.0
-0.988559 -1.0
3.1215362 -1.0
-2.400018 -1.0
-0.883240 -1.0
-0.073841 -1.0
0.4745284 -1.0
2.5921583 -1.0
1.9699274 -1.0
2.8095381 -1.0
-0.837997 -1.0
0.9217648 -1.0
0.0492182 -1.0
-2.459692 -1.0
-3.092154 -1.0
2.4322740 -1.0
1.9788980 -1.0
2.8904538 -1.0
0.5181433 -1.0
-2.372463 -1.0
-2.904692 -1.0
-2.386384 -1.0
-2.849639 -1.0
2.4722647 -1.0
-0.392260 -1.0
-2.855767 -1.0
-0.116986 -1.0
-0.456324 -1.0
-0.520209 -1.0
0.2036292 -1.0
-0.076275 -1.0
0.1794828 -1.0
-2.786598 -1.0
-2.497192 -1.0
-0.336510 -1.0
-0.997850 -1.0
1.2082487 -1.0
0.6865954 -1.0
-3.123379 -1.0
-0.482541 -1.0
-2.554587 -1.0
-1.984743 -1.0
-1.150131 -1.0
-0.438345 -1.0
3.1396222 -1.0
2.2179124 -1.0
-2.845805 -1.0
0.1567965 -1.0
-0.576198 -1.0
-2.533388 -1.0
2.9786374 -1.0
2.6657183 -1.0
-1.696591 -1.0
-0.611923 -1.0
2.5303654 -1.0
-2.793426 -1.0
1.5793252 -1.0
2.8085341 -1.0
-1.458932 -1.0
-0.427572 -1.0
3.0938332 -1.0
2.9529168 -1.0
-1.752152 -1.0
1.8358780 -1.0
2.7279906 -1.0
-3.049499 -1.0
0.0337828 -1.0
-1.557195 -1.0
-0.132114 -1.0
-2.144112 -1.0
0.8540121 -1.0
-2.940915 -1.0
-0.890030 -1.0
0.8151481 -1.0
-0.456458 -1.0
0.7542843 -1.0
0.4715024 -1.0
-3.008039 -1.0
-2.242260 -1.0
-2.554820 -1.0
2.7077560 -1.0
0.6303417 -1.0
3.0291790 -1.0
3.0680944 -1.0
-0.635943 -1.0
-0.137776 -1.0
0.1893514 -1.0
-1.596031 -1.0
-1.936713 -1.0
-0.507098 -1.0
0.2238735 -1.0
1.2846382 -1.0
-0.513234 -1.0
0.0740890 -1.0
-2.604651 -1.0
1.0605621 -1.0
-1.136822 -1.0
-0.782058 -1.0
1.8709758 -1.0
-0.399259 -1.0
-2.238738 -1.0
-0.228598 -1.0
0.3872713 -1.0
0.5398569 -1.0
-2.779902 -1.0
1.3178321 -1.0
0.8762398 -1.0
3.1072721 -1.0
2.2966487 -1.0
0.1928346 -1.0
2.7613236 -1.0
-0.885423 -1.0
-0.504189 -1.0
-2.807898 -1.0
-0.516929 -1.0
-0.455094 -1.0
1.5223259 -1.0
-2.796746 -1.0
-2.703824 -1.0
-0.595827 -1.0
-0.000788 -1.0
-1.068187 -1.0
2.9861602 -1.0
0.1690502 -1.0
-2.060592 -1.0
-1.286368 -1.0
-0.098370 -1.0
2.4678478 -1.0
0.9970893 -1.0
0.1002259 -1.0
-0.597284 -1.0
2.6802413 -1.0
-0.325647 -1.0
