0.090703 -6848.59 0.792325
-0.251254 -7556.85 0.80673
-0.639577 -8838.97 0.769371
-0.0658628 -7124.92 0.827595
0.950024 -6987.92 0.8362
-0.571676 -8546.47 0.767218
0.691007 -6487.9 0.645402
0.28582 -6598.18 0.848704
0.825824 -6655.84 0.804057
-0.286815 -7590.28 0.741204
0.25454 -6637.08 0.819033
0.879289 -6644.13 0.747118
-0.252112 -7596.32 0.850238
0.0218051 -6956.9 0.819933
0.713668 -6514.16 0.750825
0.0733071 -6875.35 0.78907
-0.39901 -8088.67 0.857223
-0.239322 -7492.35 0.764947
0.509351 -6504.38 0.722673
0.00604947 -6984.63 0.843524
-0.694308 -9248.25 0.804118
-0.300836 -7697.96 0.808689
-0.167175 -7349.88 0.8193
0.654241 -6502.67 0.784812
-0.11045 -7232.59 0.86618
-0.075022 -7135.93 0.784875
0.144757 -6783.37 0.748576
-0.268887 -7684.18 0.890522
-0.356819 -7907.5 0.836444
0.597949 -6499.43 0.845465
-0.468824 -8485.51 0.910187
-0.457027 -8295.06 0.848423
-0.187255 -7411.77 0.841062
0.589727 -6497.99 0.850685
-0.678468 -9322.41 0.839196
-0.0611223 -7109.97 0.793592
0.309536 -6578.46 0.846681
0.175973 -6747.06 0.741073
-0.137556 -7303.31 0.879398
-0.274464 -7576.13 0.759374
0.0285097 -6948.56 0.764489
0.0322998 -6939.73 0.804379
0.251128 -6637.65 0.828296
0.244072 -6642.1 0.837472
0.0701483 -6871.99 0.849366
-0.908712 -11233.3 0.860427
-0.457157 -8226.26 0.815788
0.595214 -6494.6 0.82522
0.679081 -6523.81 0.811096
0.704637 -6501.29 0.724079
-0.285544 -7657.45 0.812267
-0.502495 -8215.55 0.737519
-0.0882097 -7169.58 0.816264
0.366024 -6569.01 0.743496
-0.706055 -9456.91 0.833877
0.136824 -6787.03 0.776269
-0.554322 -8539.11 0.788674
-0.75535 -9662.64 0.816658
-0.619715 -8868.01 0.802115
0.248838 -6639.5 0.829882
0.135947 -6775.75 0.830291
-0.574108 -8649.28 0.797834
0.852706 -6694.95 0.804036
-0.828965 -9606.23 0.735061
0.709241 -6611.38 0.895672
-0.725793 -9205.99 0.760382
0.596986 -6489.79 0.70141
0.36801 -6561.72 0.761641
-0.201791 -7387.34 0.740791
-0.0714085 -7122.77 0.751315
0.205561 -6668.64 0.894381
0.240892 -6644.79 0.839562
0.681183 -6575.16 0.890798
-0.435733 -8028.15 0.752445
-0.110766 -7189.57 0.718953
0.242104 -6655.61 0.800268
0.52222 -6493.63 0.765311
-0.798807 -9724.16 0.782313
-0.441482 -8122.03 0.792096
-0.147544 -7293.4 0.79635
-0.407091 -7901.63 0.729534
0.654876 -6508.21 0.801812
0.276273 -6603.15 0.861222
-0.288731 -7634.71 0.780881
0.230014 -6668.22 0.800653
0.592705 -6492.49 0.815208
-0.461394 -8241.37 0.815418
-0.343898 -7924.25 0.880022
0.242976 -6652.27 0.808055
-0.802316 -9660.22 0.768454
-0.249603 -7484.82 0.724079
0.0507514 -6905.04 0.844254
0.307221 -6588.24 0.820832
-0.505715 -8380.6 0.802051
-0.478453 -8115.79 0.72791
-0.469756 -7987.22 0.677087
0.590545 -6500.73 0.861661
0.0598915 -6893.03 0.815568
-0.0148025 -7022.5 0.79514
-0.287856 -7684.64 0.832286
-0.595053 -8868.05 0.835372
0.0146518 -6969.84 0.810246
0.0221658 -6959.54 0.750947
-0.00215207 -6999.77 0.798688
0.493355 -6499.94 0.768838
-0.848713 -10385.2 0.827702
-0.214216 -7458.4 0.805003
0.275803 -6618.7 0.812102
0.61104 -6488.52 0.75065
-0.418778 -8032.92 0.785614
0.570556 -6488.51 0.753126
-0.156811 -7333.4 0.837693
-0.186284 -7362.28 0.757679
0.664527 -6517.4 0.814352
0.0853829 -6853.15 0.813279
0.420252 -6523.29 0.789565
0.236294 -6668.25 0.779271
-0.158808 -7328.31 0.816187
0.289533 -6624.44 0.756495
0.052147 -6911.67 0.758831
-0.478374 -8225.55 0.779281
-0.0426971 -7068.93 0.740812
-0.243489 -7602.16 0.887355
0.285294 -6607.82 0.818988
-0.195165 -7377.81 0.749781
0.122357 -6808.99 0.764917
0.547549 -6488.58 0.783383
0.507206 -6488.13 0.858233
-0.102155 -7158.18 0.661706
0.0792049 -6854.12 0.870235
-0.217507 -7478.8 0.822298
-0.123516 -7268.97 0.881202
-0.180365 -7370.52 0.797838
0.529267 -6488.15 0.856745
0.539625 -6489.82 0.870103
0.13454 -6785.15 0.797628
0.198994 -6733.01 0.700223
0.0892986 -6857.11 0.754172
0.538963 -6487.89 0.824808
-0.678312 -8903.96 0.741866
-0.153184 -7266.9 0.705691
-0.747884 -8994.6 0.693086
0.434141 -6505.51 0.84187
-0.384053 -7980.63 0.824033
0.00471089 -6987.01 0.853841
0.15423 -6736.89 0.887279
0.438703 -6500.63 0.860378
0.0729794 -6873.61 0.804955
0.558709 -6488.58 0.822208
-0.677828 -9005.73 0.767411
-0.394924 -8029.97 0.831291
0.63349 -6506.34 0.823037
0.156873 -6762.46 0.770576
0.376557 -6536.46 0.828647
0.151013 -6753.62 0.836455
0.527282 -6503.12 0.703856
0.498531 -6502.87 0.74565
-0.423143 -8042.12 0.782647
0.149427 -6747.99 0.868821
0.68665 -6507.61 0.763002
-0.31773 -7762.35 0.820941
-0.288613 -7651.6 0.797883
0.442088 -6512.34 0.794363
-0.138151 -7304.91 0.879665
-0.277087 -7562.62 0.737726
-0.858328 -10542.2 0.837365
0.587177 -6493.73 0.831206
-0.213475 -7421.95 0.753223
-0.510734 -8432.58 0.814856
0.436862 -6516.19 0.787363
-0.396542 -7980.97 0.798287
0.73046 -6537.7 0.778823
0.573087 -6490 0.821282
-0.129407 -7246.44 0.77837
-0.576514 -8626.1 0.787013
0.377859 -6543.88 0.799329
-0.218563 -7463.36 0.796157
-0.0128213 -7018.96 0.796953
-0.0833075 -7154.68 0.795073
0.566911 -6491.81 0.847068
-0.115207 -7216.94 0.780314
-0.0146763 -7021.72 0.77855
0.347774 -6572.43 0.771859
0.333856 -6581.43 0.775837
-0.230894 -7564.44 0.88766
0.0016778 -6993.05 0.773309
-0.359062 -7953.01 0.862633
-0.446615 -8191.41 0.817885
0.435428 -6523.64 0.760762
0.748716 -6500.62 0.679274
0.203466 -6716.22 0.738914
-0.0253553 -7041.04 0.781014
0.437847 -6515.54 0.788324
-0.0979262 -7188.79 0.810187
0.0618878 -6889.64 0.816917
0.61512 -6490.57 0.770676
-0.475974 -8320.6 0.825986
0.373451 -6527.05 0.872564
-0.855736 -10385.9 0.820997
0.756676 -6582.67 0.810378
-0.0999119 -7188.15 0.791684
-0.233575 -7514.16 0.81253
-0.578959 -8445.1 0.723172
0.0612096 -6910.34 0.657168
-0.588755 -8584.86 0.757439
0.0175776 -6966.59 0.760744
0.583278 -6502.71 0.880446
0.289278 -6603.53 0.82128
0.00186761 -6992.91 0.728084
0.193242 -6705.13 0.816724
-0.297027 -7606.7 0.73186
0.289214 -6622.59 0.762825
-0.601154 -8850.11 0.821756
-0.288031 -7638.24 0.78628
0.951949 -6798.99 0.769354
0.401954 -6547.19 0.740818
-0.317067 -7718.36 0.785026
0.306626 -6583.75 0.837043
0.219031 -6690.84 0.76585
-0.147384 -7304.66 0.823961
0.417536 -6550.28 0.703872
-0.711628 -9170.56 0.767851
0.609481 -6496.6 0.816486
-0.0610728 -7116.52 0.837458
0.331052 -6587.49 0.763986
0.194844 -6716.78 0.769682
0.469485 -6503.75 0.787236
-0.590571 -8649.4 0.775631
0.951738 -7135.47 0.872987
0.465667 -6506.52 0.780025
-0.169153 -7337.94 0.785746
-0.970559 -10916 0.777373
0.430733 -6523.43 0.769841
0.403599 -6547.01 0.738361
0.4253 -6540.02 0.722202
-0.644632 -8851.93 0.766818
0.46107 -6494.27 0.861505
0.232348 -6676.69 0.765683
-0.0332248 -7057.67 0.809398
-0.568967 -8880.38 0.877385
-0.671476 -9044.1 0.783967
-0.481917 -8292.71 0.803567
-0.859381 -10278.4 0.804042
-0.621593 -8784.66 0.776332
-0.58258 -8621.19 0.777239
0.0576121 -6899.03 0.79559
0.0255452 -6948.61 0.852292
0.206572 -6716.21 0.727841
0.203163 -6679.94 0.864028
-0.423491 -7947.43 0.728159
-0.74519 -9288.48 0.757309
-0.0141718 -7022.04 0.81628
-0.245291 -7552.85 0.821463
-0.46283 -8136.86 0.762839
0.713453 -6561.3 0.832715
-0.348725 -7882.05 0.837475
0.766502 -6593.51 0.811384
-0.170825 -7395.18 0.89021
-0.00922851 -7011.95 0.772607
-0.163221 -7342.15 0.823089
0.973097 -6757.56 0.735022
-0.869428 -9784.01 0.727611
0.0664864 -6885.74 0.790113
-0.0162908 -7026.73 0.835582
-0.370263 -7807.28 0.736674
-0.545183 -8499.24 0.787657
0.511502 -6498.37 0.750251
-0.538431 -8375.74 0.751463
0.170037 -6714.03 0.892784
0.479849 -6496.43 0.812165
-0.492979 -8280.59 0.780299
-0.672497 -9123.02 0.801492
0.144916 -6786.1 0.736677
-0.164546 -7332.7 0.796876
0.580125 -6495.36 0.851102
0.407314 -6513.27 0.8578
-0.558552 -8580.01 0.796748
0.285625 -6635.63 0.734059
-0.258665 -7583.05 0.813647
0.380096 -6556.97 0.751942
0.0374806 -6932.1 0.790621
0.0181263 -6966.62 0.736897
-0.909592 -10323.1 0.765
-0.465514 -8180.51 0.779487
0.238876 -6648.65 0.833843
0.582686 -6488.29 0.782171
-0.212468 -7433.01 0.773556
0.737411 -6514.34 0.727079
0.0868393 -6861.65 0.748051
0.534389 -6489.86 0.782614
0.190176 -6744.44 0.694373
-0.423036 -7969.28 0.741578
-0.00513458 -7004.97 0.786233
0.370927 -6570.27 0.729958
-0.289021 -7668.04 0.812833
0.151096 -6754.72 0.831497
-0.448783 -8067.34 0.751109
0.0789227 -6864.42 0.804764
-0.541269 -8400.8 0.756998
-0.239742 -7517.34 0.795684
-0.674471 -9498.26 0.88152
0.773817 -6629.99 0.837337
-0.0122799 -7017.48 0.77903
-0.0752575 -7139.75 0.802442
-0.266318 -7549.41 0.752726
0.202946 -6686.81 0.840651
0.735224 -6509.82 0.718361
0.530531 -6489.51 0.792943
0.342934 -6556.28 0.835805
-0.551342 -8577.86 0.806421
-0.457174 -8128.63 0.768193
0.668806 -6519.2 0.813349
0.464867 -6516.62 0.738287
0.339597 -6591.37 0.733547
0.161626 -6741.58 0.828237
-0.560758 -8494.87 0.764251
0.12853 -6781.91 0.849786
0.429731 -6513.54 0.811871
0.467615 -6494.21 0.849887
-0.33696 -7744.27 0.759633
-0.415837 -8129.54 0.845054
-0.716968 -9160.11 0.759871
0.848307 -6694.94 0.808197
-0.407457 -8035.51 0.808946
0.0520892 -6915.29 0.725531
-0.212498 -7460.91 0.815245
-0.211196 -7494.69 0.87026
-0.827541 -9488.84 0.716879
0.311622 -6588.69 0.807813
0.241821 -6638.98 0.8557
-0.685225 -8938.66 0.742917
-0.484294 -8478.6 0.878291
-0.598312 -8848.13 0.825085
0.149106 -6773.93 0.764267
0.332344 -6552.89 0.874664
-0.750675 -9550.69 0.801678
-0.0380061 -7066.45 0.804953
-0.175859 -7335.86 0.751743
-0.289157 -7691.37 0.835018
0.545584 -6488.97 0.849012
-0.63283 -8850.12 0.780624
-0.202994 -7427.42 0.800797
0.732256 -6594.72 0.850618
-0.109441 -7195.97 0.749757
-0.00544806 -7004.72 0.720277
0.45125 -6498.33 0.850708
-0.569211 -8742.43 0.834562
-0.412263 -7966.68 0.759422
-0.0279427 -7051.53 0.869228
0.731302 -6562.1 0.813449
0.0729712 -6863.41 0.877612
-0.503537 -8372.77 0.802324
-0.108876 -7212.06 0.809038
0.272462 -6619.5 0.819519
-0.638472 -8935.77 0.796559
0.634045 -6502.67 0.809793
-0.372152 -7991.21 0.857259
-0.0275378 -7045.41 0.787075
0.926212 -6816.36 0.797982
0.960721 -7037.42 0.840566
-0.603167 -8695.67 0.77355
-0.421381 -7908.45 0.708853
-0.0523416 -7094.41 0.805891
0.634657 -6496.04 0.781379
-0.734047 -9392.44 0.789558
0.126593 -6783.9 0.853499
0.44392 -6520.01 0.759763
-0.472959 -8211.97 0.781914
0.515688 -6490.58 0.802514
-0.435675 -8010.75 0.743036
0.780921 -6559.08 0.758019
0.0814685 -6877.02 0.699511
0.35045 -6553.16 0.828548
0.407977 -6553.17 0.711689
-0.609614 -8953.11 0.839023
0.475461 -6508.38 0.755487
-0.367639 -7955.67 0.844283
-0.322763 -7657.6 0.718735
0.0606798 -6903.29 0.720454
0.0761002 -6872.27 0.781036
-0.55546 -8473.25 0.76386
-0.0842499 -7150.41 0.766417
0.345492 -6595.57 0.7093
-0.511404 -8512.88 0.844902
0.892085 -6754.57 0.800311
0.247208 -6647.87 0.808233
-0.387984 -7851.22 0.732448
0.155564 -6763.58 0.772662
0.38281 -6538.74 0.806913
0.100147 -6850.27 0.708671
0.445565 -6521.51 0.751289
0.364437 -6563.21 0.764456
-0.223539 -7490.67 0.816637
0.269586 -6614.66 0.843979
-0.151223 -7293.94 0.778234
-0.295601 -7742.21 0.864033
-0.711732 -9571.6 0.849553
-0.105511 -7187.07 0.745781
0.440977 -6510.94 0.802641
-0.132404 -7268.43 0.820582
-0.24929 -7501.81 0.7461
-0.719987 -9375.58 0.801593
0.733721 -6516.58 0.735764
-0.332229 -7763.93 0.786391
-0.2781 -7638.03 0.814149
-0.474651 -8309.9 0.823541
0.151765 -6764.69 0.787591
0.698602 -6545.47 0.827104
0.155855 -6747.42 0.835257
0.780975 -6537.61 0.728309
-0.0196991 -7031.82 0.803328
0.401568 -6542.57 0.756412
-0.340564 -7769.8 0.771763
-0.639102 -9292.55 0.883969
0.204127 -6685.68 0.839717
-0.545243 -8570.44 0.812848
-0.275199 -7688.39 0.874357
-0.193744 -7432.01 0.84666
-0.465669 -8186.37 0.782022
-0.493505 -8300.72 0.788144
0.809829 -6573.19 0.747155
0.425352 -6520.26 0.791909
0.660375 -6496.12 0.751355
0.192271 -6740.92 0.6984
-0.263254 -7513.6 0.720272
-0.244478 -7558.41 0.830986
0.315993 -6594.89 0.777559
0.436283 -6531.04 0.733065
-0.506659 -8448.6 0.82775
-0.469012 -8131.49 0.750191
-0.654947 -9343.72 0.874111
-0.306243 -7694.28 0.791068
0.74906 -6545.33 0.771179
0.917689 -6740.34 0.771059
-0.579814 -8728.21 0.814888
-0.922498 -11614.2 0.87972
-0.531628 -8553 0.827379
-0.681461 -9634.21 0.899667
-0.544424 -8722.16 0.865854
0.407427 -6524.98 0.807748
-0.00463789 -7004.15 0.792187
-0.145997 -7273.13 0.755667
-0.235326 -7527.15 0.823308
0.298327 -6612.77 0.768289
0.349563 -6538.6 0.884173
-0.0207085 -7034.41 0.818255
-0.334444 -7740.77 0.762512
0.0668916 -6882.58 0.809396
-0.287263 -7623 0.773162
-0.424104 -8121.38 0.824203
0.353205 -6550.93 0.829785
-0.37639 -7876.04 0.771863
0.247981 -6649.26 0.801286
0.108671 -6813.84 0.836134
0.569855 -6487.91 0.783394
0.215022 -6679.9 0.816505
0.0859128 -6872.04 0.693215
-0.489608 -8412.83 0.841869
-0.0960501 -7187 0.818972
-0.577835 -8587.33 0.772566
0.909865 -6903.91 0.845733
0.13805 -6761.95 0.877924
0.0105884 -6978.14 0.761037
0.417457 -6527.19 0.780065
0.823599 -6663.26 0.811474
0.457193 -6502.4 0.815642
-0.108422 -7240.12 0.907807
-0.792846 -10051.8 0.839152
-0.182105 -7387.78 0.821682
0.0536863 -6909.8 0.754252
-0.254527 -7567.2 0.808463
-0.0149382 -7020.65 0.73349
0.462114 -6513.26 0.756123
-0.30747 -7680.63 0.775549
0.0938384 -6837.46 0.829609
-0.127964 -7254.76 0.810696
-0.402094 -8002.76 0.800334
-0.879793 -10867.8 0.85258
0.107446 -6819.07 0.818495
0.711047 -6548.23 0.81686
-0.361823 -7898.73 0.81879
0.262622 -6647.97 0.760499
0.0500819 -6917.22 0.735699
0.291557 -6605.36 0.809102
0.0278379 -6945.01 0.843292
0.210793 -6685.18 0.814874
-0.377286 -7879.47 0.772339
0.765835 -6539.99 0.746373
0.292779 -6605.25 0.806059
0.924871 -6869.57 0.819788
0.00724118 -6982.89 0.813831
-0.424819 -8016.49 0.765252
-0.584741 -8675.36 0.791564
-0.685309 -9598.77 0.88768
-0.126223 -7252.18 0.81449
-0.507082 -8269.68 0.753994
0.500443 -6490.83 0.824156
-0.292261 -7671.15 0.806813
-0.3371 -7753.64 0.766827
0.154195 -6752.2 0.824914
-0.0773348 -7139.48 0.77951
0.884313 -6584.14 0.694789
0.575013 -6491.94 0.707534
0.514637 -6493.52 0.777373
-0.733949 -9254.97 0.762068
-0.244591 -7526.8 0.791695
0.214382 -6695.47 0.767307
-0.115419 -7208.74 0.752446
-0.870762 -9992.51 0.75601
-0.650278 -8819.28 0.75144
0.154738 -6752.98 0.818882
0.582405 -6488.6 0.789144
-0.811766 -9387.41 0.713071
0.212078 -6694.15 0.779999
-0.696258 -9150.59 0.780343
0.145175 -6785.39 0.738256
0.77362 -6613.09 0.822701
-0.555726 -8438.57 0.75105
0.576275 -6487.9 0.772873
-0.733038 -9178.06 0.747007
-0.2159 -7425.4 0.749916
0.0674148 -6877.81 0.839313
-0.472025 -8388.73 0.862826
-0.306723 -7648.1 0.747531
-0.0282189 -7051.04 0.853288
0.684156 -6534.97 0.826689
-0.362475 -7869.47 0.796887
-0.838341 -10154.2 0.807706
0.435768 -6548.63 0.679162
-0.490529 -8151.58 0.72654
-0.670409 -9392.85 0.864593
-0.670395 -9115.34 0.802199
0.174232 -6739.96 0.774187
-0.430607 -8126.8 0.814621
0.667058 -6521.13 0.819853
-0.0818047 -7151 0.792134
0.429119 -6498.41 0.894042
0.0697511 -6888.47 0.733328
0.375892 -6532.85 0.843809
0.319852 -6561.84 0.875888
-0.126786 -7245.59 0.792035
0.711238 -6518.42 0.763116
-0.477957 -8371.29 0.844627
-0.520601 -8380.28 0.778992
-0.515361 -8197.48 0.711391
0.676767 -6554.69 0.868211
-0.082697 -7163.82 0.843843
0.262461 -6628.83 0.820365
0.561498 -6489.46 0.831873
0.0326119 -6935.25 0.862407
-0.715728 -9761.85 0.87991
0.129802 -6777.92 0.859621
0.768756 -6570.65 0.784129
-0.138273 -7266.82 0.781602
0.0057499 -6985.64 0.807505
0.173808 -6722.83 0.839804
0.431797 -6492.87 0.932705
-0.233995 -7503.04 0.796483
-0.0440478 -7077.77 0.801766
-0.738227 -10035.8 0.898693
0.157141 -6768.35 0.746535
-0.0380713 -7060.19 0.73427
-0.115764 -7195.24 0.706422
-0.0477058 -7088.03 0.829237
-0.781494 -10315.3 0.889317
-0.374512 -7876.65 0.77615
0.0905378 -6856.46 0.747666
0.2549 -6649.29 0.779448
-0.304395 -7730.82 0.828898
-0.448195 -8110.46 0.774332
-0.723083 -9463.42 0.81551
0.695228 -6544.66 0.829828
-0.000806163 -6997.33 0.773751
-0.342489 -7868.86 0.842936
-0.728618 -9730.85 0.858865
-0.487249 -8354.39 0.821348
0.352951 -6569.1 0.770754
0.368773 -6563.26 0.755295
0.655693 -6507.52 0.798752
-0.268896 -7584.86 0.784671
0.00744395 -6983.69 0.742993
-0.413562 -7945.83 0.744686
-0.593498 -8987.06 0.871286
-0.564091 -8400.87 0.726398
-0.443841 -8000.38 0.723764
-0.252673 -7579.64 0.828965
0.518457 -6495.91 0.754979
-0.399126 -7951.16 0.774903
0.336655 -6563.12 0.827815
0.434714 -6499.18 0.877435
0.736856 -6535.29 0.768093
-0.048858 -7087.26 0.803208
0.0780122 -6877.23 0.729102
0.257172 -6664.92 0.725725
0.340715 -6562.46 0.820171
-0.325855 -7699.88 0.748227
-0.304957 -7655.18 0.758447
-0.603707 -9182.58 0.908193
0.519765 -6494.89 0.759859
0.460068 -6502.45 0.810236
0.0732059 -6876.46 0.782406
0.129813 -6784.88 0.827932
-0.105227 -7191.25 0.762828
0.452031 -6519.48 0.748144
0.479785 -6496.1 0.81454
-0.543172 -8711.85 0.864411
-0.150346 -7322.41 0.848645
-0.293056 -7653.15 0.787285
0.0205518 -6957.27 0.861449
-0.276613 -7595.09 0.773636
-0.159844 -7315.34 0.782948
-0.217553 -7471.59 0.811746
0.740004 -6562.43 0.804301
0.190395 -6700.19 0.846774
0.298454 -6605.47 0.790045
0.760215 -6540.32 0.752398
-0.505382 -8347.48 0.78904
-0.568837 -8550.82 0.772519
0.101881 -6842.28 0.738574
-0.403775 -8043.13 0.820778
0.492126 -6494.06 0.808688
0.344393 -6568.71 0.791149
-0.686478 -9543.66 0.875244
0.38084 -6516.56 0.90143
0.218007 -6667.02 0.848883
-0.243115 -7481.77 0.739491
-0.68151 -9139.17 0.794612
0.512337 -6500.6 0.736904
-0.635698 -9002.29 0.817385
0.376965 -6562.21 0.742058
-0.412315 -8074.86 0.821792
0.477118 -6501.88 0.78432
0.4838 -6488.79 0.882032
-0.192702 -7390.28 0.780777
-0.147961 -7271.39 0.741444
0.291 -6587.78 0.868151
-0.642205 -9216.09 0.861756
-0.341515 -7732.86 0.740434
-0.741827 -9506.8 0.80308
-0.0301299 -7057.16 0.885365
0.0993581 -6834.06 0.802081
-0.317749 -7756.32 0.815795
-0.00118416 -6998.05 0.802775
-0.575379 -8720.38 0.818709
-0.63559 -8825 0.770376
0.0711116 -6863.65 0.898792
0.243931 -6652.2 0.805142
0.637886 -6494.2 0.767802
0.547104 -6490.38 0.864535
-0.493803 -8373.1 0.81828
0.739135 -6564.55 0.807965
-0.554238 -8547.83 0.79183
0.100496 -6824.05 0.847612
-0.300689 -7711.36 0.821389
-0.659792 -9245.37 0.845524
-0.736331 -9272.55 0.763189
0.0592949 -6894.44 0.811879
-0.464061 -8192.16 0.787499
0.505887 -6492.37 0.800327
-0.575015 -8649.34 0.796594
0.234377 -6676.15 0.760733
0.520435 -6489.98 0.802135
-0.308672 -7695.92 0.786327
-0.829774 -9922.81 0.783221
0.595529 -6487.98 0.736809
-0.177562 -7385.49 0.838442
-0.00753191 -7008.65 0.752952
-0.665178 -9214.36 0.831598
-0.325238 -7694.28 0.744871
0.488375 -6490.19 0.852021
0.440838 -6517.5 0.774961
-0.607021 -9033.16 0.864291
-0.574036 -8725.17 0.822134
0.613481 -6490.61 0.773059
0.173721 -6732.53 0.803849
0.424269 -6504.25 0.868315
0.0238946 -6955.79 0.770032
-0.761618 -9710.4 0.818166
0.117059 -6799.64 0.844979
0.0307137 -6944.06 0.778912
-0.635503 -9158.2 0.856811
0.752533 -6589.34 0.822066
-0.0380233 -7062.91 0.765445
0.147349 -6784.1 0.732486
-0.375801 -7906.37 0.793438
-0.607625 -8777.7 0.792152
0.551431 -6487.9 0.802322
-0.0403285 -7068.99 0.784969
0.365586 -6561.91 0.766082
-0.213003 -7454.44 0.803703
-0.0775724 -7141.78 0.788768
0.43274 -6510.67 0.819177
0.322288 -6575.21 0.823734
-0.394125 -7999.61 0.814593
-0.124196 -7218.78 0.729346
0.311621 -6589.78 0.804382
0.0505367 -6913.75 0.762744
0.262669 -6621.84 0.842375
0.5633 -6497.06 0.88585
-0.20779 -7418.49 0.768441
-0.159874 -7313.39 0.778559
0.847744 -6825.31 0.87581
0.656446 -6494.03 0.745169
-0.226588 -7507.65 0.828781
0.787977 -6594.1 0.789855
0.408856 -6516.98 0.837856
0.564391 -6487.89 0.786373
-0.675629 -9277.26 0.832801
0.452662 -6503.18 0.819513
0.76916 -6600.59 0.81564
-0.00514788 -7004.78 0.767785
0.260204 -6640.8 0.789591
-0.240516 -7591.75 0.885676
-0.132012 -7256.79 0.79137
0.27084 -6614.2 0.841559
0.347714 -6578.96 0.752227
-0.152262 -7297.88 0.782005
0.147667 -6760.3 0.827581
0.253509 -6635.6 0.827145
-0.387062 -7843.07 0.728772
0.776009 -6578.86 0.786063
-0.498462 -8434.61 0.835734
-0.23597 -7461.94 0.735519
0.56308 -6488.9 0.756042
0.203269 -6677.49 0.872354
-0.551199 -8903.6 0.912838
-0.723916 -9216.73 0.764623
0.0569842 -6904.13 0.75984
-0.378791 -7993.29 0.843557
0.75185 -6517.16 0.719258
-0.599977 -8864 0.827356
-0.0890918 -7159.88 0.766152
0.234198 -6680.27 0.74852
0.993811 -6875.08 0.764797
-0.320115 -7793.81 0.840999
-0.812706 -10420.4 0.868932
-0.446366 -8175.83 0.81059
-0.499165 -8403.94 0.82213
-0.47961 -8167.34 0.750454
0.380943 -6523.4 0.870569
0.85949 -6663.96 0.778055
0.282703 -6608.61 0.823963
0.277459 -6621.07 0.79986
0.600836 -6491.54 0.797159
0.777915 -6565.94 0.769365
0.446372 -6502.27 0.8361
-0.272726 -7582.7 0.77133
0.226515 -6666.37 0.819158
-0.372316 -7952.67 0.831698
-0.408728 -8004.99 0.788647
-0.593325 -8950.87 0.861426
-0.266223 -7608.29 0.818274
-0.818681 -9899.66 0.790374
0.209178 -6700.31 0.770316
0.189783 -6716.83 0.790032
-0.698884 -9270.46 0.803634
0.53897 -6492.09 0.753559
0.625921 -6494.25 0.782786
0.590641 -6487.9 0.749118
-0.397689 -7900.47 0.746051
-0.554216 -8810.92 0.879051
0.181331 -6699.66 0.891084
0.100287 -6838.65 0.769824
-0.418324 -7944.86 0.735638
-0.0319734 -7052.13 0.767595
-0.568314 -8656.95 0.808469
-0.0540346 -7093.24 0.771719
-0.0426169 -7063.97 0.693388
-0.302382 -7682.96 0.790755
0.235134 -6659.57 0.811032
0.420326 -6533.72 0.751589
-0.324386 -7661.81 0.718807
0.497141 -6496 0.786723
0.395324 -6517.46 0.864356
0.350709 -6584.81 0.728791
-0.670882 -9102.48 0.798587
-0.0890064 -7162.25 0.777215
0.624428 -6496.95 0.798637
-0.737873 -9841.34 0.867138
-0.247874 -7598.41 0.867248
-0.00335845 -7001.94 0.79993
-0.566119 -8619.32 0.799218
-0.769827 -10129.7 0.875965
-0.570863 -8742.41 0.83214
-0.340527 -7727.19 0.738034
0.358966 -6563.84 0.774096
0.776682 -6697.05 0.88413
0.140493 -6774.61 0.808254
-0.500863 -8352.81 0.798369
-0.773024 -9614.34 0.789663
0.108514 -6837.51 0.717136
0.37669 -6523.04 0.881979
-0.49685 -8433.41 0.83796
-0.213447 -7499.94 0.868682
0.266445 -6647.09 0.7522
0.112332 -6814.44 0.805894
-0.585804 -8736.88 0.809219
-0.416121 -7885.78 0.704102
-0.770701 -10126.5 0.87449
0.667548 -6517.39 0.810624
0.0576562 -6889.64 0.876851
-0.833177 -9966.21 0.786331
0.047644 -6910.88 0.838674
0.812121 -6572.65 0.744458
0.436791 -6530.35 0.73455
0.427162 -6532.57 0.743468
0.410971 -6507.01 0.881193
0.384824 -6551.38 0.760182
0.25175 -6664.65 0.742189
-0.164879 -7342.78 0.816108
-0.954008 -10389 0.73677
-0.514228 -8223.26 0.723973
-0.332671 -7752.67 0.776248
0.216216 -6687.92 0.785395
0.23666 -6638.33 0.876608
0.642283 -6489.84 0.731229
0.412847 -6511.54 0.854434
-0.419685 -8129.01 0.837019
0.946416 -6797.81 0.773362
0.448819 -6490.8 0.919271
-0.397657 -7965.98 0.786884
0.212912 -6710.37 0.724552
-0.666742 -9113.21 0.806092
0.394682 -6539.88 0.778717
0.512073 -6492.06 0.793465
0.278511 -6628.19 0.775028
0.207096 -6689.12 0.815882
0.803447 -6672.93 0.838632
0.137742 -6796.45 0.731403
0.384706 -6550.02 0.764783
-0.337619 -7855.83 0.84522
-0.374057 -7992.38 0.853645
-0.253851 -7572.82 0.817187
-0.375703 -7923.76 0.805198
-0.51203 -8384.48 0.793713
0.0691955 -6877.69 0.818593
-0.371764 -7792.16 0.722988
0.228882 -6683.57 0.755519
0.743228 -6552.39 0.787395
-0.510796 -8332.54 0.774579
-0.133084 -7263.65 0.80354
-0.521993 -8508.44 0.8261
-0.65557 -8705.47 0.71444
0.321744 -6578.99 0.812834
0.390766 -6525.21 0.841276
0.472731 -6516.78 0.725401
0.700088 -6561.9 0.849446
-0.282807 -7673.2 0.83582
0.059286 -6893.5 0.819927
0.322373 -6568.73 0.845129
0.43072 -6510.38 0.824374
-0.281472 -7601.46 0.766886
0.221366 -6683.53 0.781292
0.468464 -6503.82 0.788601
-0.633505 -8753.46 0.752981
-0.370797 -7851.6 0.766659
0.266934 -6628.4 0.807989
-0.365188 -7929.4 0.832219
-0.0805597 -7149.35 0.796411
-0.477197 -8269.33 0.801055
-0.569671 -8491.11 0.750995
-0.0498872 -7088.74 0.798816
-0.0399757 -7069.98 0.802225
0.053239 -6897.53 0.875123
-0.204953 -7456.59 0.838596
0.0434994 -6923.59 0.77578
-0.225741 -7467.82 0.777054
0.0698626 -6877.28 0.81379
0.652948 -6529.05 0.854614
0.196926 -6692.68 0.845235
0.130881 -6785.82 0.816925
-0.13294 -7273.49 0.830863
0.802266 -6788.8 0.907837
0.362613 -6544.03 0.832397
-0.0332812 -7057.41 0.804721
0.323705 -6573.98 0.824158
0.855855 -6618.38 0.747967
-0.00905397 -7011.71 0.776006
-0.019167 -7029.97 0.783861
0.141344 -6772.11 0.81394
0.679034 -6560.77 0.874178
-0.17431 -7377.58 0.839047
0.27372 -6598.51 0.885088
0.0939777 -6843.21 0.795358
0.869642 -6729.56 0.807946
-0.580092 -8615.11 0.778606
-0.780886 -9851.41 0.820984
-0.163671 -7365.24 0.868423
0.0437053 -6919.54 0.817226
0.313641 -6597.83 0.774481
-0.0534185 -7092.54 0.775249
-0.444728 -8093.03 0.77136
0.564009 -6487.89 0.788217
0.208337 -6716.97 0.719217
-0.674399 -9014.81 0.773515
0.777711 -6735.04 0.906721
0.348745 -6561.25 0.805243
-0.236184 -7553.73 0.854251
-0.177622 -7335.44 0.74348
-0.149799 -7295.6 0.789525
-0.070044 -7136.56 0.844184
-0.0654014 -7116.91 0.784413
0.168055 -6759.36 0.730589
-0.614217 -9253.16 0.910178
0.310935 -6595.07 0.789653
-0.747534 -9689.37 0.829904
0.607016 -6495.85 0.816005
0.596129 -6488.33 0.765524
-0.142974 -7241.78 0.692643
0.0162472 -6969.09 0.751889
0.157285 -6751.33 0.812169
0.0119053 -6974.7 0.809517
0.227206 -6694.17 0.727991
0.283134 -6612.76 0.809539
0.57291 -6493.9 0.852988
0.270279 -6629.14 0.795678
-0.471144 -8156.07 0.758575
-0.607529 -8821.18 0.804862
-0.74199 -9283.17 0.759509
-0.487354 -8096.04 0.70532
0.707148 -6581.5 0.86576
-0.500686 -8371.55 0.806392
-0.535322 -8411.39 0.769431
0.69285 -6510.97 0.765324
-0.725572 -9569.16 0.83289
-0.927769 -10541.1 0.774568
0.743325 -6539.89 0.768824
-0.759009 -9482.03 0.780351
0.766949 -6565.59 0.779933
-0.52096 -8467.8 0.812369
0.283341 -6641.57 0.722921
-0.0610772 -7104.58 0.758447
0.0439371 -6916.79 0.843447
-0.607925 -8565.1 0.727355
0.703864 -6534.24 0.802249
0.671201 -6534.08 0.840997
-0.757951 -9515.04 0.787504
0.243406 -6658.02 0.788336
0.124579 -6805.37 0.767748
0.173995 -6770.96 0.665184
0.482787 -6487.94 0.911731
0.546636 -6488.63 0.783688
0.144727 -6792.86 0.710448
-0.00525261 -7006.36 0.886288
-0.367329 -7773.34 0.718105
-0.484772 -8497.96 0.885294
-0.177425 -7356.76 0.785051
-0.793869 -9682.56 0.780341
0.201037 -6676.48 0.88571
0.851568 -6750.96 0.836522
-0.767786 -9377.79 0.752106
-0.0258439 -7044.53 0.824181
0.00963417 -6980.43 0.728115
-0.687915 -9705.58 0.90491
0.0359521 -6937.7 0.749635
0.194055 -6688.69 0.872265
0.25456 -6655.21 0.762308
-0.209806 -7468.34 0.836855
0.675163 -6497.7 0.741828
0.433104 -6512.07 0.812061
-0.10497 -7205.44 0.815583
-0.582451 -8775.16 0.825616
0.426003 -6532.88 0.744434
-0.265023 -7526.01 0.72975
0.020919 -6961.64 0.749126
-0.579528 -8794.07 0.835547
-0.727247 -9502.94 0.818444
-0.350352 -7808.65 0.779567
0.209765 -6708.8 0.740505
0.0610964 -6903.45 0.714175
-0.194403 -7348.17 0.701572
-0.56917 -8600.58 0.788736
-0.597514 -8491.32 0.716067
-0.757303 -9292.07 0.745902
0.00543545 -6985.79 0.842137
0.146713 -6754.17 0.858645
-0.318083 -7711.73 0.776789
0.185655 -6688.29 0.913273
0.688801 -6500.48 0.737834
-0.962082 -10434.7 0.735579
-0.323182 -7750.17 0.796958
-0.113815 -7196.4 0.722368
-0.620592 -8434.61 0.671264
0.591684 -6493.47 0.823267
-0.817449 -10016.7 0.808837
-0.249181 -7568.72 0.827623
0.214961 -6689.04 0.78628
-0.684171 -9666.75 0.902414
0.19084 -6678.39 0.925715
-0.501299 -8637.95 0.909511
-0.666514 -8946.09 0.765639
-0.476842 -8101.21 0.723364
-0.386484 -7900.9 0.76796
-0.506204 -8305.42 0.770339
-0.392053 -7973.18 0.802604
0.19104 -6710.9 0.805656
-0.339966 -7848.39 0.833758
-0.00522414 -7004.6 0.741201
-0.329802 -7730.09 0.764438
-0.162465 -7309.73 0.758325
0.324888 -6576.23 0.813835
0.113083 -6806.76 0.838797
-0.028604 -7044.48 0.743875
0.104431 -6839.08 0.73704
-0.365077 -7842.42 0.772197
0.457725 -6516.52 0.750191
0.126094 -6810.24 0.736651
0.537646 -6488.58 0.854516
-0.288947 -7728.89 0.871388
0.249081 -6679.12 0.707147
-0.650882 -9108.55 0.824603
0.796328 -6621.08 0.806198
0.0888242 -6842.42 0.846269
-0.601461 -9216.89 0.920336
0.135628 -6774.08 0.839583
0.0157967 -6969.29 0.767422
0.625642 -6497.56 0.799892
0.721374 -6559.86 0.821648
0.072173 -6877.84 0.783762
-0.450895 -8136.66 0.782931
0.0108966 -6974.28 0.902152
-0.172227 -7321.59 0.739172
-0.809511 -10432.8 0.873975
-0.642557 -9240.91 0.867153
-0.0856255 -7159.65 0.796113
0.613041 -6487.93 0.730256
-0.12246 -7240.85 0.805921
0.936658 -7058.67 0.867859
-0.275706 -7633.95 0.816978
0.295117 -6579.61 0.883999
-0.401862 -8060.13 0.834617
0.185765 -6732.47 0.751942
0.336453 -6593.6 0.733983
0.628755 -6504.63 0.823526
-0.62867 -8799.01 0.771618
0.105284 -6833.19 0.761442
-0.23844 -7488.17 0.762345
0.0960334 -6857.44 0.699491
-0.0855326 -7160.52 0.800941
0.271808 -6639.24 0.760508
-0.403921 -7988.54 0.788238
-0.111096 -7218.61 0.814763
-0.170736 -7352.18 0.806772
0.631145 -6491.52 0.758765
0.0592086 -6899.27 0.772127
-0.137675 -7266.12 0.783156
0.855018 -6721.79 0.817467
-0.330273 -7739.73 0.771287
-0.339532 -7809.01 0.80469
0.0117235 -6975.59 0.786969
0.288369 -6612.75 0.794883
-0.0200558 -7036.17 0.882751
-0.306321 -7619.69 0.721943
0.192737 -6697.34 0.846732
0.253505 -6647.02 0.790794
0.209346 -6673.22 0.861994
-0.784942 -9407.47 0.741114
0.854231 -6769.4 0.84324
0.494116 -6489.66 0.849168
0.379176 -6555.46 0.758488
0.381271 -6540.65 0.803386
-0.219519 -7468.43 0.79996
-0.753659 -9729.31 0.830064
0.230179 -6675.29 0.777363
-0.650009 -8811.08 0.749545
-0.292487 -7677.3 0.812091
-0.170865 -7371.23 0.843595
-0.552794 -8716.94 0.851035
0.140513 -6769.24 0.831047
-0.301798 -7796.89 0.894733
0.38918 -6540.01 0.789272
-0.145314 -7317.47 0.866305
0.824915 -6710.53 0.840669
0.469188 -6493.8 0.850369
0.49216 -6492.77 0.819193
-0.764739 -9495.86 0.77703
0.446183 -6504.82 0.822685
0.689825 -6517.96 0.785751
-0.824288 -9836.15 0.775444
0.108601 -6829.29 0.757813
-0.805761 -9938.64 0.808952
0.615182 -6514.1 0.870864
-0.130258 -7238.89 0.752185
0.705007 -6551.64 0.828982
-0.052223 -7094.85 0.811123
0.63435 -6505.12 0.817904
-0.248352 -7525.4 0.777988
-0.402727 -7875.34 0.720947
0.206656 -6679.02 0.852669
0.155688 -6742.59 0.855708
0.380635 -6534.94 0.825392
-0.381385 -7919.18 0.790217
0.493623 -6490.61 0.837963
-0.74483 -9616.88 0.820012
0.416614 -6529.8 0.772091
0.269427 -6619.66 0.828212
-0.198846 -7451.23 0.855792
0.505723 -6490.88 0.815027
0.710258 -6507.18 0.736445
-0.728605 -9265.34 0.769799
0.467477 -6504.79 0.785359
0.0212026 -6958.46 0.8088
-0.178369 -7368.94 0.803802
0.0195149 -6964.37 0.738002
-0.379657 -8055.39 0.880506
-0.176349 -7352.34 0.781386
0.489303 -6491.3 0.837875
-0.901754 -9760.68 0.698224
0.492555 -6490.53 0.840769
-0.330276 -7760.43 0.788198
0.53357 -6488.86 0.798498
0.219171 -6706.92 0.714522
-0.084404 -7149.63 0.761403
0.743795 -6578.81 0.820045
0.360888 -6554.29 0.800788
0.596598 -6503.94 0.865407
0.190242 -6709.42 0.814266
-0.478551 -8296.73 0.811003
-0.469213 -8355.9 0.853588
0.511427 -6494.87 0.772374
-0.698519 -9331.47 0.817017
-0.590936 -8706.71 0.792964
-0.329179 -7718.05 0.755883
-0.645119 -8890.46 0.776481
-0.305143 -7578.96 0.68577
-0.43377 -8066.53 0.776673
-0.146337 -7350.55 0.937504
0.210626 -6683.14 0.822454
0.426639 -6523.87 0.775557
0.220988 -6693.74 0.749838
0.62257 -6494.75 0.789816
-0.0393227 -7075.71 0.876322
0.477649 -6498.14 0.804863
0.426288 -6494.7 0.928025
-0.635679 -9160.3 0.857088
-0.130899 -7226.52 0.713826
-0.257789 -7514.51 0.736627
0.428573 -6520.26 0.785966
-0.34344 -7938.81 0.891692
-0.480682 -8355.92 0.833229
0.485077 -6511.91 0.725689
0.53359 -6488.08 0.817746
-0.233579 -7498.97 0.792531
-0.203852 -7466.42 0.858335
0.0793166 -6875.25 0.729983
0.509401 -6488.59 0.841825
0.810512 -6672.7 0.831166
-0.160635 -7355.75 0.864994
-0.280876 -7614.54 0.782038
0.221719 -6652.86 0.883473
-0.57836 -8478.69 0.735474
-0.218922 -7476.38 0.813526
0.263192 -6636.85 0.792839
0.169298 -6764.64 0.70618
-0.119218 -7213.82 0.744332
0.234451 -6654.97 0.828508
-0.541396 -8439.44 0.771252
0.214956 -6661.86 0.879027
0.274463 -6647.69 0.728493
-0.466923 -8230.82 0.800853
-0.653345 -8826.54 0.749852
0.255783 -6644.99 0.790076
-0.549318 -8566.91 0.805589
-0.335651 -7721.76 0.744335
0.333162 -6589.61 0.752864
-0.226809 -7412.64 0.695634
-0.925423 -10772.3 0.800943
-0.968715 -11421 0.822653
0.36627 -6545.93 0.817368
-0.74846 -9524.72 0.799279
-0.82588 -9895.97 0.782936
-0.204442 -7438.05 0.811819
0.279572 -6611.19 0.824869
-0.188068 -7388.59 0.797054
0.0922415 -6840.73 0.824788
0.490644 -6496.31 0.795099
0.791093 -6653.67 0.837726
0.654306 -6504.85 0.792092
-0.318483 -7716.51 0.77994
-0.284041 -7563.24 0.720311
-0.27124 -7685.8 0.884461
0.344093 -6553.77 0.84169
0.330547 -6582.41 0.780593
-0.184907 -7387.13 0.808074
0.761313 -6563.65 0.783313
-0.243847 -7568 0.844845
0.538848 -6489.1 0.786687
0.165513 -6767.86 0.710548
0.709344 -6494.17 0.690326
0.132817 -6790.02 0.786575
0.31364 -6582.37 0.822793
-0.634888 -8790.83 0.761791
0.482144 -6504.47 0.763026
0.81151 -6650.65 0.814425
0.837113 -6596.3 0.745533
-0.219015 -7452.26 0.778488
0.0164449 -6966.22 0.823562
0.021954 -6951.25 0.935138
0.732073 -6518.71 0.742017
0.487538 -6514.93 0.710249
-0.0235182 -7033.09 0.696212
-0.316213 -7783.94 0.843111
-0.415603 -8206.56 0.886963
-0.0624591 -7110.76 0.781724
0.385286 -6536.23 0.810734
0.724052 -6583.84 0.848236
-0.720439 -9336.93 0.79327
-0.275618 -7632.06 0.815275
-0.650692 -9129.27 0.829862
0.121393 -6812.08 0.756642
0.0224617 -6956.57 0.802816
-0.0628744 -7115.61 0.807681
0.750409 -6644.79 0.875978
-0.0284446 -7048.87 0.814066
0.199601 -6714.5 0.758961
-0.641713 -8603.24 0.700354
0.385932 -6540.28 0.794977
0.351796 -6551.6 0.830764
0.69243 -6537.74 0.821673
-0.514616 -8443.51 0.812971
0.332936 -6577.76 0.789334
0.385565 -6555.76 0.744969
-0.314673 -7741.84 0.811343
0.0595847 -6891.31 0.834347
0.757453 -6548.83 0.767667
0.0945533 -6827.57 0.880411
-0.0871699 -7177.33 0.860128
0.0067915 -6984.38 0.768435
0.572427 -6490.21 0.824563
-0.480382 -8268.8 0.795509
0.673116 -6509.41 0.783492
0.280046 -6611.76 0.821671
-0.207637 -7398.62 0.737821
0.210645 -6689.81 0.79981
0.400099 -6530.06 0.803014
0.638893 -6497.98 0.785159
-0.0686535 -7110.09 0.70727
0.47681 -6499.04 0.80082
0.247937 -6654.56 0.784718
-0.761886 -9112.48 0.705275
0.188554 -6696.13 0.869978
0.154055 -6772.55 0.745085
-0.122413 -7225.48 0.76019
-0.438136 -8022.39 0.745198
-0.51513 -8422.42 0.803923
-0.247115 -7497.24 0.746954
-0.120759 -7226.87 0.77484
0.0109827 -6975.63 0.838489
0.334609 -6592.46 0.741307
0.538039 -6488.07 0.811398
0.585748 -6493.56 0.832144
0.439214 -6511.21 0.804642
0.485236 -6495.6 0.808803
0.157557 -6766.68 0.750972
-0.26008 -7613.4 0.843305
-0.76542 -9574.77 0.790526
0.554707 -6488.39 0.823967
0.369403 -6534.05 0.853937
0.592683 -6492.83 0.817657
-0.15256 -7300.82 0.787213
0.0953771 -6841 0.796161
-0.364238 -7953.46 0.850675
0.758817 -6550.06 0.76801
-0.25218 -7578.47 0.829224
-0.683173 -9199.69 0.806405
0.0440999 -6923.34 0.767951
0.429866 -6511.45 0.82101
0.158992 -6750.76 0.805654
0.227127 -6685.99 0.753711
-0.335322 -7843.78 0.841761
-0.825162 -10659.8 0.885171
0.7323 -6609.6 0.865731
0.0146912 -6967.05 0.89586
0.419134 -6540.72 0.730571
-0.711216 -9390.15 0.81444
-0.0225554 -7037.59 0.812241
0.0239307 -6950.17 0.87918
-0.126842 -7222.04 0.723625
-0.145678 -7285.01 0.786277
-0.602645 -8649.81 0.760217
0.561725 -6488.44 0.766555
-0.118117 -7227.05 0.792722
-0.0339436 -7062.95 0.857889
0.0217441 -6960.29 0.749487
0.250525 -6630.01 0.855496
0.519001 -6493.08 0.77429
0.385739 -6541.79 0.79013
0.0989471 -6846.23 0.73906
-0.283646 -7623.63 0.783657
0.304462 -6596.63 0.801565
0.445706 -6507.51 0.810076
-0.610134 -8808.37 0.797752
-0.633891 -8520.45 0.683969
0.530822 -6498.16 0.724123
0.658446 -6497.57 0.760096
-0.388081 -8100.78 0.888556
0.469964 -6509.37 0.759927
-0.236616 -7489.1 0.769441
-0.275993 -7659.92 0.842903
-0.280851 -7593.93 0.760749
-0.339174 -7752.81 0.761474
-0.212134 -7440.74 0.786437
0.731185 -6496.82 0.681504
0.294069 -6606.24 0.799435
0.429351 -6510.9 0.824567
0.255372 -6649.24 0.778156
-0.853927 -9647.92 0.720099
0.177128 -6745.22 0.742738
-0.795643 -9471.7 0.742601
0.447291 -6501.68 0.837737
-0.173358 -7339.35 0.769466
0.307703 -6564.72 0.89986
0.463408 -6496.16 0.842873
0.2181 -6692.81 0.762764
-0.47355 -8267.37 0.806337
-0.238437 -7521.59 0.805476
0.158955 -6756.93 0.781816
0.358119 -6561.31 0.783971
-0.132304 -7264.04 0.809338
0.333011 -6549.18 0.886642
-0.101631 -7210.58 0.861261
0.474865 -6492.59 0.850666
0.503665 -6488.17 0.862654
0.612698 -6493.91 0.797696
0.726834 -6490.5 0.651656
0.117333 -6807.18 0.806377
0.21496 -6695.06 0.766574
-0.125561 -7238.62 0.779537
-0.565472 -8629.79 0.803599
0.484923 -6491.61 0.842205
-0.368683 -7714.03 0.671892
0.455193 -6504.21 0.809539
-0.346752 -7921.5 0.870806
-0.340651 -7865.86 0.845229
0.141065 -6772.17 0.815298
-0.379643 -7915.07 0.791142
-0.664619 -9142.19 0.815517
-0.617657 -8926.8 0.820963
-0.469736 -8339.62 0.845431
-0.576553 -8651.09 0.795032
-0.318899 -7761.32 0.817072
-0.52138 -8254.88 0.727211
-0.30558 -7672.5 0.772885
0.737699 -6604.04 0.853909
-0.525047 -8309.15 0.744189
-0.0251198 -7043.25 0.826049
0.793288 -6583.92 0.77429
-0.153416 -7312.6 0.809552
0.0744607 -6877.22 0.763953
-0.120812 -7245.29 0.830281
0.814627 -6590.98 0.761014
0.728191 -6518.49 0.745508
0.104741 -6819.66 0.836477
-0.134154 -7264.23 0.798683
0.143942 -6772.28 0.798549
0.0655869 -6879.27 0.851288
0.546717 -6488.19 0.794148
-0.550384 -8320.31 0.714202
0.058023 -6896.67 0.810359
0.297589 -6607.15 0.787206
0.136642 -6767.63 0.861727
-0.540485 -8538.95 0.808808
-0.485973 -8370.45 0.830337
-0.164967 -7339.24 0.808378
0.437382 -6526.32 0.74762
0.57228 -6489.4 0.736544
0.440537 -6516.8 0.778316
0.385833 -6526.26 0.847758
-0.457457 -8328.29 0.862946
-0.291622 -7657.95 0.795817
-0.429199 -8053.59 0.777888
-0.559827 -8856.11 0.884266
-0.487447 -8434.82 0.854707
-0.323598 -7805.6 0.841548
-0.625346 -8939.26 0.814214
-0.678933 -9085.44 0.785128
0.468875 -6519.02 0.722965
-0.285733 -7708.58 0.861702
0.349992 -6557.81 0.813766
0.240039 -6645.22 0.841124
-0.292025 -7736.33 0.869141
0.152655 -6746.4 0.856991
0.246257 -6669.52 0.7439
0.0821593 -6858.02 0.81391
-0.528449 -8533.57 0.825262
0.248668 -6643.91 0.816148
-0.329656 -7760.94 0.790094
-0.153345 -7327.8 0.844131
-0.235458 -7506.41 0.795936
-0.242564 -7521.07 0.791121
0.580933 -6488.85 0.795477
-0.71434 -9429.66 0.8188
0.0463917 -6912.42 0.844996
0.451634 -6516.79 0.759217
-0.410158 -8120.73 0.851868
-0.493564 -8347.62 0.807993
-0.11391 -7180.85 0.670032
-0.0621674 -7108.62 0.77149
-0.246232 -7573.89 0.843757
0.34938 -6574.08 0.76327
-0.294862 -7742.23 0.866213
0.140247 -6758.11 0.880925
0.0755349 -6874.89 0.768963
-0.825645 -9874.86 0.780006
-0.471515 -8168.48 0.763877
0.603855 -6487.96 0.728039
0.312629 -6594.07 0.788459
-0.719685 -9896.37 0.898532
-0.619369 -9066.88 0.855842
-0.672316 -9044.8 0.783156
0.482798 -6497.85 0.798046
0.096988 -6853.38 0.714705
0.0966988 -6852.39 0.72229
-0.258926 -7562.52 0.789357
0.107206 -6805.43 0.891828
-0.544336 -8609.67 0.827868
0.873034 -6723.94 0.80177
0.468606 -6490.18 0.888124
0.821018 -6625.03 0.7852
-0.703469 -9100.17 0.761072
-0.0711593 -7137.54 0.836402
-0.730648 -9102.91 0.733357
-0.786294 -9210.88 0.702827
-0.657142 -8922.43 0.770516
0.550238 -6488.85 0.839841
0.374176 -6547.61 0.79439
-0.346436 -7826.3 0.80169
0.109925 -6812.81 0.831883
0.536227 -6490.21 0.775842
0.5084 -6502.04 0.735275
0.616677 -6511.15 0.860405
0.441272 -6532.43 0.720161
0.0286727 -6947.89 0.771258
0.509916 -6494.08 0.780331
-0.145365 -7328.47 0.892054
-0.688427 -9582.28 0.880418
-0.434895 -8167.59 0.827742
-0.7055 -8985.05 0.732495
0.313859 -6564.65 0.882447
0.17154 -6744.17 0.770821
-0.552289 -8574.23 0.803788
0.508801 -6491.61 0.802688
0.259166 -6637.7 0.802469
-0.148129 -7315.03 0.844126
0.081023 -6864.06 0.786181
-0.659075 -9035.1 0.796509
0.0506696 -6900.25 0.892613
0.182511 -6727.42 0.783302
-0.3435 -7737.37 0.739722
0.0678873 -6880.74 0.811389
-0.0595263 -7108.08 0.802085
-0.107512 -7211.99 0.819049
-0.0862605 -7162.29 0.802133
0.0868786 -6847.92 0.831327
-0.644524 -8955.27 0.794135
-0.155463 -7285.06 0.73689
0.116999 -6812.68 0.782208
0.0785674 -6860.84 0.832261
0.00511234 -6986.59 0.824652
0.127628 -6789.86 0.81926
-0.117228 -7216.14 0.764338
-0.72881 -9136.93 0.742562
0.742529 -6547.64 0.781369
0.404097 -6540.38 0.7589
-0.21565 -7439.65 0.772004
-0.821465 -10224.7 0.833944
-0.119083 -7242.65 0.834281
-0.41272 -8160.31 0.868268
0.517947 -6489.49 0.812421
-0.899114 -10620.1 0.808034
-0.762871 -9293.18 0.740675
0.289328 -6602.7 0.823792
-0.176707 -7359.67 0.793782
-0.157488 -7302.3 0.765865
0.256048 -6662.46 0.736191
-0.12746 -7261.06 0.831691
-0.584332 -8862.59 0.849091
0.310467 -6593.28 0.796405
-0.450989 -8265.39 0.845734
-0.3242 -7735.98 0.782594
0.345632 -6589.01 0.727417
-0.731567 -9696.56 0.849304
0.431914 -6502.86 0.860703
-0.591411 -9016.61 0.882552
0.00685255 -6984.29 0.767259
0.245608 -6657.16 0.783968
0.30191 -6598.7 0.801852
0.187515 -6718.67 0.793084
0.459818 -6492.92 0.875446
-0.562013 -8610.08 0.801966
-0.863824 -9820.17 0.73763
0.191463 -6707.36 0.816379
0.41926 -6527.34 0.776167
0.411139 -6504.24 0.896131
-0.452874 -8138.39 0.780378
-0.717665 -9537.69 0.836066
0.522429 -6497.39 0.740191
-0.588143 -8740.62 0.807145
-0.0877394 -7160.52 0.780797
0.305672 -6571.98 0.879765
0.5829 -6489.21 0.725685
0.0192161 -6961.31 0.823415
-0.108696 -7225.41 0.855866
-0.164056 -7338.65 0.811645
-0.122838 -7266.74 0.87958
-0.774012 -9465.11 0.762158
-0.0878078 -7161.25 0.783411
-0.842222 -10307.2 0.824155
-0.307475 -7678.05 0.773188
-0.196853 -7373.23 0.735593
-0.16665 -7301.46 0.722007
0.759629 -6540.23 0.752849
0.099554 -6826.46 0.842302
0.0921763 -6843.38 0.809898
-0.369187 -7950.03 0.836997
0.847208 -6648.41 0.778506
-0.57959 -8856.51 0.854234
0.771546 -6510.96 0.687256
-0.157565 -7325.59 0.816704
-0.861452 -10571.4 0.83774
0.380467 -6533.48 0.831268
-0.0285585 -7046.84 0.780393
0.264872 -6652.66 0.740113
-0.523639 -8438.52 0.797052
-0.0636427 -7111.94 0.774661
0.202579 -6678.28 0.872464
0.0909101 -6837.44 0.856462
-0.301676 -7714.58 0.821639
-0.118037 -7215.56 0.757262
-0.801216 -9725.7 0.780211
-0.416641 -7807.53 0.654834
0.097252 -6854.22 0.708183
0.0910884 -6851.41 0.772489
0.538466 -6488.26 0.845643
0.394172 -6536.26 0.792355
0.17114 -6726.29 0.839646
0.383905 -6544.43 0.784851
-0.549585 -8336.68 0.721482
-0.779181 -9738.31 0.804367
-0.660149 -9414.83 0.882809
-0.105402 -7238.93 0.929675
0.46341 -6513.1 0.754685
-0.156214 -7295.6 0.757105
-0.271837 -7606.56 0.799531
-0.356846 -7867.95 0.80837
-0.543847 -8375.56 0.743911
-0.366881 -7870.73 0.788189
0.403243 -6523.88 0.8205
-0.0604555 -7114.96 0.835645
-0.221033 -7473.71 0.801976
-0.142631 -7285.18 0.803482
0.0369081 -6927.7 0.860422
0.00303728 -6990.05 0.871898
-0.184021 -7350.26 0.744986
-0.102774 -7178.28 0.733081
-0.482643 -8269.28 0.791994
-0.377248 -7960.81 0.82611
-0.147728 -7265.4 0.728123
0.419021 -6511.54 0.841828
0.0295733 -6944.4 0.80354
-0.214467 -7484.33 0.841993
0.469415 -6498.6 0.816089
0.0127652 -6972.89 0.819911
0.51842 -6495.73 0.756179
-0.576226 -8577.17 0.771369
0.464711 -6499.09 0.821344
-0.674406 -8939.07 0.754935
-0.253702 -7508.26 0.740936
-0.190801 -7381.44 0.773239
-0.130612 -7253.69 0.791279
0.540583 -6488.15 0.838826
0.450134 -6510.06 0.790256
0.0737416 -6867.02 0.842909
0.735016 -6552.27 0.796021
-0.386027 -7833.71 0.724453
-0.511857 -8490.3 0.835508
0.417552 -6526.41 0.782777
0.670727 -6528.12 0.830095
0.23907 -6657.56 0.80411
0.17259 -6744.04 0.76658
-0.381808 -8001.38 0.841986
0.204744 -6690.32 0.821086
-0.606213 -8912.6 0.832512
0.0468123 -6916.83 0.791204
-0.0791841 -7144.02 0.783851
-0.545876 -8566.64 0.810574
-0.754559 -9402.58 0.770026
0.264612 -6644.93 0.7639
0.717111 -6554.48 0.819059
0.685134 -6490.2 0.688784
-0.749706 -9834.37 0.852289
-0.350629 -7866.41 0.821581
-0.528727 -8571.67 0.838683
-0.0108715 -7015.85 0.814108
0.410589 -6543.31 0.737411
-0.495232 -8518.24 0.874601
-0.368787 -8040.44 0.896928
0.494185 -6487.9 0.897375
0.818063 -6673.18 0.823819
0.482736 -6498.33 0.795227
0.0309251 -6945.96 0.744482
-0.482934 -8371.67 0.836084
0.454203 -6526.2 0.720325
0.525095 -6489.54 0.890549
0.0821986 -6861.89 0.788738
0.30435 -6603.25 0.781472
0.0971317 -6827.32 0.858447
0.480699 -6496.81 0.808222
0.61911 -6491.66 0.77459
0.772371 -6632.82 0.841286
0.24339 -6626.81 0.891658
0.53532 -6499.68 0.709907
-0.401045 -7886.15 0.730802
-0.0152776 -7022.77 0.77814
-0.561646 -8646.13 0.814495
-0.240906 -7482.45 0.747147
0.792359 -6702.09 0.869882
-0.576643 -8760.32 0.829354
-0.0952265 -7170.7 0.760672
0.736094 -6521.16 0.743018
0.603621 -6494.97 0.815809
-0.582842 -8626.64 0.778642
-0.13301 -7251.85 0.772029
0.0549854 -6906.62 0.764985
-0.401564 -8026.03 0.815216
0.00896205 -6981.11 0.747915
-0.0609805 -7118.73 0.853281
-0.146534 -7269.6 0.744301
0.726047 -6538.42 0.784731
-0.555894 -8648.87 0.823841
0.612643 -6487.92 0.720476
-0.443381 -8238.98 0.847379
0.283578 -6627.32 0.763783
-0.0297218 -7049.69 0.790845
-0.676804 -8787.23 0.713673
0.0359997 -6932.88 0.812826
-0.233699 -7496.31 0.788601
-0.139952 -7276.15 0.796008
-0.325919 -7674.75 0.726593
-0.149322 -7307.99 0.821037
-0.0182145 -7029.53 0.814313
0.013274 -6971.91 0.822428
-0.340904 -7793.86 0.789751
0.914552 -6947.95 0.856163
0.235146 -6664.27 0.795795
0.335297 -6553.13 0.866093
0.515638 -6491.53 0.792857
0.432545 -6506.1 0.841886
0.380889 -6540.39 0.805094
0.34422 -6540.85 0.889051
-0.755422 -10151.4 0.895947
-0.0285276 -7045.26 0.757582
-0.227264 -7479.26 0.787618
-0.0167801 -7026.73 0.811172
0.681455 -6530.55 0.82175
-0.272092 -7630.68 0.824382
0.0114349 -6974.79 0.839105
-0.247764 -7474.34 0.716239
-0.0113836 -7018.77 0.890306
0.482447 -6488 0.908391
-0.508459 -8393.21 0.802802
0.537317 -6488.16 0.844445
0.166848 -6746.04 0.785428
0.694348 -6519.6 0.784301
-0.35469 -7775.8 0.745543
0.164472 -6721.7 0.891998
-0.50915 -8429.68 0.816242
-0.894392 -10919.5 0.843932
-0.116538 -7241.13 0.847734
-0.946926 -10325.1 0.735066
-0.49924 -8374.21 0.809824
0.236471 -6659.23 0.807544
0.689051 -6529.52 0.810723
0.643311 -6519.9 0.847244
0.682095 -6492.27 0.707042
0.175172 -6727.91 0.8143
-0.34172 -7861.67 0.839452
-0.0536457 -7099.03 0.821489
0.323262 -6559.04 0.876615
-0.191872 -7370.04 0.749147
0.419458 -6544.48 0.718196
0.423555 -6551.4 0.690608
0.55158 -6489.45 0.763457
0.247603 -6647.11 0.809368
-0.113794 -7205.24 0.751687
-0.685738 -9543.68 0.876194
0.0412758 -6923.48 0.818884
0.507775 -6508.62 0.706397
-0.132656 -7286.64 0.867786
0.468866 -6506.62 0.77423
0.660436 -6525.03 0.836601
0.473262 -6507.88 0.761229
-0.416356 -7982.08 0.760941
0.681783 -6570.41 0.883839
0.473583 -6507.49 0.762471
-0.180557 -7361.2 0.779718
-0.249814 -7620.55 0.886233
0.249148 -6648.04 0.801392
0.338643 -6569.58 0.801787
0.0694402 -6879.27 0.804044
-0.223807 -7455.33 0.766157
0.0424463 -6920.24 0.833378
-0.166594 -7291.22 0.700705
-0.614656 -8999.78 0.844698
-0.129099 -7255.44 0.805473
0.271002 -6622.08 0.815693
-0.794477 -10525.3 0.9025
-0.357046 -7807.24 0.763915
-0.36191 -7905.05 0.822981
0.851375 -6768.15 0.845447
0.158063 -6750.11 0.81296
-0.343494 -7766.18 0.762357
-0.157866 -7300.19 0.759372
0.639301 -6503.22 0.805101
0.0748549 -6882.39 0.724605
0.478669 -6497.57 0.806697
0.0736403 -6870.12 0.822241
-0.201072 -7426.08 0.806303
0.861739 -6745.95 0.824061
0.183418 -6726.65 0.782163
0.399184 -6527.81 0.813389
0.356357 -6542.82 0.851433
0.0740664 -6879.74 0.750571
-0.507708 -8307.91 0.76909
0.602869 -6490.24 0.783194
-0.605573 -8482.92 0.703806
0.227018 -6692.27 0.734469
0.488977 -6501.65 0.766488
0.336607 -6562.92 0.828613
-0.116786 -7291.73 1.00106
0.246526 -6637.26 0.845076
-0.505361 -8417.24 0.81739
-0.32399 -7919.72 0.93062
-0.366227 -7977 0.861741
0.0451447 -6920.59 0.779742
-0.207334 -7448.96 0.817291
0.793186 -6597.23 0.78772
0.779592 -6548.98 0.746068
0.607693 -6490.87 0.782731
0.501158 -6505.78 0.728052
-0.865924 -10648.1 0.842179
-0.16469 -7303.63 0.735194
0.743409 -6538.57 0.766644
0.116493 -6805.11 0.822311
0.245467 -6645.8 0.820637
-0.0905125 -7175.81 0.821927
-0.160098 -7331.11 0.81562
0.362005 -6554.9 0.796299
0.377023 -6527.5 0.862462
0.124711 -6780.39 0.882978
0.166151 -6732.37 0.841103
-0.491506 -8336.41 0.806623
0.0932166 -6853.14 0.745019
0.143164 -6789.23 0.73294
0.39431 -6539.37 0.78119
0.800211 -6637.64 0.81588
0.470203 -6499.99 0.806404
0.361281 -6537.31 0.860426
0.182658 -6709.16 0.849057
-0.0937696 -7182.01 0.818653
0.517473 -6494.08 0.768946
0.0809584 -6855.37 0.8432
0.32625 -6608.14 0.715281
-0.635992 -9178.18 0.861021
-0.482112 -8285.79 0.80019
-0.0081896 -7010.21 0.777031
-0.241786 -7543.68 0.821985
0.396747 -6552.91 0.732613
-0.353283 -7860.5 0.811135
-0.4963 -8200.5 0.740056
0.38302 -6526.65 0.852371
-0.41863 -7999.58 0.766894
0.313483 -6587.75 0.805995
-0.244379 -7513.75 0.77609
0.20133 -6710.66 0.765265
0.459723 -6514.54 0.754793
-0.0868526 -7165.87 0.812558
-0.106239 -7186.64 0.739136
0.119051 -6806.2 0.799407
0.322026 -6586.39 0.788793
0.709184 -6560.43 0.836547
-0.3795 -7852.29 0.749551
0.157156 -6739.57 0.85991
-0.838318 -9926.15 0.775725
0.640772 -6497.01 0.77851
0.277788 -6610.85 0.831263
-0.489798 -8290.16 0.789531
-0.1094 -7202.93 0.773977
-0.624947 -9233.89 0.889886
-0.685341 -9266.7 0.818691
-0.227236 -7502.67 0.819674
0.0319279 -6933.66 0.904636
0.104859 -6836.62 0.746776
-0.104461 -7207.8 0.828
0.188169 -6713.65 0.80812
-0.420719 -8259.57 0.903603
0.177637 -6740.77 0.756446
-0.430758 -8224.24 0.864757
0.572284 -6488.02 0.787769
-0.855119 -10133 0.789027
0.612695 -6490.92 0.77674
0.390187 -6543.09 0.776713
-0.139415 -7280.71 0.810681
0.353897 -6565.21 0.780854
-0.246487 -7586.73 0.85824
0.464352 -6508.47 0.773128
0.0997676 -6838.56 0.774327
0.580682 -6490.09 0.811592
-0.520733 -8315.95 0.753112
-0.344428 -7660.03 0.675519
0.256936 -6624.09 0.853655
0.132914 -6773.98 0.857146
-0.151463 -7263.65 0.706034
-0.0439808 -7069.65 0.726009
0.540146 -6488.27 0.843089
0.259564 -6631.62 0.820525
-0.630774 -9056.46 0.837713
0.514455 -6487.91 0.867368
-0.0203828 -7037.55 0.897917
-0.70931 -9229.77 0.783166
-0.059205 -7115.32 0.855744
-0.237631 -7471.71 0.743312
-0.8813 -10250.7 0.780596
-0.909823 -10894.3 0.827105
0.431813 -6502.97 0.860306
-0.358687 -7879.86 0.812663
0.178811 -6737.62 0.76272
-0.24873 -7538.8 0.793122
-0.834889 -9614.67 0.731203
-0.133992 -7230.96 0.709536
-0.0790737 -7151.13 0.820148
-0.336326 -7890.45 0.874666
-0.457595 -8305.52 0.852212
-0.666552 -9646.75 0.922294
-0.688928 -9285.92 0.818602
-0.0339436 -7060.95 0.8331
0.407284 -6525.59 0.805684
-0.467742 -8213.92 0.791554
0.246317 -6663.19 0.763019
0.186363 -6714.17 0.814058
0.770954 -6608.46 0.821259
0.470774 -6516.18 0.730686
-0.0262117 -7045.87 0.834494
-0.457118 -8095.05 0.751471
0.077269 -6879.51 0.721025
0.134444 -6772.66 0.853298
-0.465985 -8274.52 0.822714
0.36989 -6570.03 0.732728
0.156451 -6728.01 0.911301
0.010141 -6977.4 0.828041
0.259327 -6646.9 0.77341
-0.716015 -9581.64 0.846375
0.548131 -6488.5 0.836508
-0.649323 -9013.16 0.802972
0.656772 -6504.55 0.78814
-0.404741 -8102.05 0.852703
0.319999 -6584.28 0.800411
-0.357653 -7764.44 0.730876
0.196885 -6700.3 0.818458
0.317762 -6606.65 0.738644
-0.704067 -9010.89 0.740012
-0.122311 -7225 0.75936
-0.61795 -8597.63 0.725571
-0.0976685 -7177.07 0.766633
-0.16936 -7349.45 0.807876
-0.310776 -7751.36 0.829801
-0.394838 -7920.3 0.764
-0.446901 -8179.71 0.811556
-0.454817 -8303.92 0.856675
-0.612118 -8752.86 0.779114
0.173716 -6720.27 0.849951
0.62999 -6528.67 0.884956
-0.217524 -7387.65 0.687689
-0.535441 -8118.38 0.651543
0.547733 -6487.93 0.8169
-0.611417 -8943.3 0.83387
0.153895 -6764.3 0.778214
-0.200922 -7447.19 0.840561
0.330575 -6559.57 0.855365
-0.401842 -8182.24 0.903955
0.316202 -6588.73 0.795986
-0.425976 -8295.21 0.910346
-0.729725 -9633.27 0.839991
-0.747195 -9994.08 0.881286
-0.261506 -7591.32 0.814101
0.649223 -6515.18 0.827982
0.20216 -6712.19 0.757012
0.68691 -6574.15 0.882088
0.10714 -6830.89 0.759994
0.405172 -6514.29 0.857601
0.593091 -6487.94 0.755671
0.300135 -6592.2 0.827278
-0.0230591 -7039.56 0.83119
-0.483772 -8347.95 0.824487
-0.431621 -8101.79 0.799461
-0.141785 -7306.43 0.860839
-0.330835 -7729.17 0.761292
0.601305 -6493.55 0.665168
-0.948076 -10840.8 0.788556
-0.575062 -8731.41 0.822625
0.0909491 -6836.4 0.86228
0.630022 -6499.85 0.804153
0.451497 -6513.82 0.77155
-0.478119 -8255.83 0.793439
0.467702 -6534.76 0.672288
-0.530558 -8392.6 0.769128
-0.802534 -9631.99 0.763571
-0.706092 -9712.44 0.882881
-0.83603 -9877.26 0.770671
-0.171202 -7352.95 0.806099
-0.336779 -7745.42 0.760968
-0.637873 -8695.6 0.731442
-0.238399 -7523.54 0.808101
0.245141 -6650.66 0.80606
-0.2318 -7500.05 0.800043
-0.769526 -9743.46 0.815324
-0.654209 -8714.53 0.71844
0.0661034 -6885.89 0.793587
-0.349901 -7806.86 0.779232
0.091052 -6853.37 0.7614
-0.757566 -9171.39 0.721459
0.379173 -6545.8 0.789986
-0.251996 -7471.66 0.700888
-0.217096 -7430.93 0.753988
-0.0630685 -7106.87 0.749244
-0.770672 -9504.04 0.772525
0.407697 -6531.31 0.783486
0.0552919 -6896.84 0.848807
0.43352 -6517.21 0.789232
0.664724 -6528.68 0.838728
0.642307 -6502.02 0.797039
-0.198011 -7401.89 0.779089
0.332934 -6558.41 0.853352
0.588597 -6495.83 0.841384
0.0879345 -6857.36 0.764382
-0.0499528 -7086.99 0.783405
-0.620826 -8848.23 0.795193
0.226426 -6657.25 0.850072
0.0358885 -6935.35 0.782299
0.506623 -6497.6 0.762039
-0.367907 -7875.26 0.789122
-0.540121 -8618.68 0.837465
-0.343454 -7880.83 0.849428
0.291878 -6595.34 0.840339
0.290417 -6588.69 0.866807
-0.228003 -7520.84 0.841331
-0.434616 -8054.13 0.768484
0.401819 -6531.23 0.795234
-0.384458 -7868.71 0.750816
-0.647071 -9039.43 0.812366
-0.375929 -7807.99 0.726069
-0.628774 -8910.19 0.801992
-0.169703 -7341.55 0.790445
-0.0816872 -7140.72 0.743938
-0.417625 -8099.45 0.824966
0.831634 -6684.48 0.817785
-0.182688 -7367.58 0.782322
-0.225931 -7548.5 0.886085
0.324963 -6578.14 0.807489
0.0756471 -6869.51 0.804544
-0.0647322 -7113.23 0.769652
0.684779 -6501.51 0.745837
-0.1814 -7388.46 0.826109
-0.664424 -9132.41 0.813452
0.527237 -6488.03 0.829678
0.207467 -6694.41 0.796457
0.641732 -6488.62 0.716518
0.807249 -6592.98 0.769918
0.0913187 -6838.09 0.84878
-0.467147 -8081.15 0.728459
-0.313444 -7708.2 0.785187
0.174003 -6732.35 0.803203
0.296851 -6594.22 0.829883
0.283742 -6603.1 0.838719
-0.172961 -7362.87 0.817195
0.140045 -6768.59 0.836629
-0.674594 -9149.43 0.805134
-0.441384 -8307.94 0.884669
-0.0578106 -7089.59 0.695397
-0.267967 -7587.36 0.790139
-0.300228 -7672.06 0.786254
-0.300644 -7757.52 0.863286
0.501027 -6496.86 0.775103
0.49557 -6496.79 0.784055
0.530746 -6489.18 0.797371
0.0585026 -6893.46 0.83128
-0.0887141 -7177.74 0.846901
0.425827 -6520.57 0.789812
-0.45556 -8312.68 0.859336
-0.519818 -8246.48 0.725904
-0.167518 -7331.35 0.779972
-0.232821 -7466.38 0.751485
-0.262683 -7516.95 0.725744
-0.924226 -10496.2 0.772595
0.037823 -6928.62 0.827815
0.235095 -6651.14 0.838907
0.461161 -6507.1 0.784883
0.105779 -6825.63 0.797023
-0.0879521 -7153.78 0.749109
0.0208246 -6957.72 0.84006
-0.099615 -7209.8 0.875798
0.405932 -6543.8 0.744306
0.761765 -6524.56 0.724466
0.437282 -6508.42 0.821258
-0.0315718 -7051.18 0.764494
0.0516782 -6904.05 0.838605
-0.403023 -8175.14 0.897387
0.331169 -6582.33 0.779357
-0.613384 -8753.16 0.777593
0.20076 -6703.13 0.792945
0.0841716 -6856.77 0.802237
-0.0243812 -7037.69 0.753183
-0.446492 -8136.5 0.790574
-0.406391 -8051.03 0.820068
0.779968 -6632.65 0.832952
-0.00961734 -7014.48 0.857669
-0.629422 -9270.65 0.892368
-0.292132 -7645.28 0.78212
-0.319176 -7796.58 0.845766
0.282924 -6621.58 0.782859
-0.460726 -8348.42 0.865943
0.44835 -6491.28 0.914646
-0.0400321 -7073.23 0.835068
0.630944 -6495.02 0.780759
0.00979894 -6977.05 0.873546
-0.57028 -8485.22 0.748158
-0.47615 -8082.26 0.715228
-0.137456 -7280.02 0.820449
0.501019 -6494.48 0.791239
-0.0831405 -7156.97 0.807406
-0.114683 -7196.63 0.717659
0.251119 -6648.3 0.794293
0.886555 -6675.1 0.761374
-0.187124 -7387.55 0.799236
0.519432 -6490.32 0.799576
-0.168991 -7355.1 0.820935
-0.469909 -8246.28 0.802911
-0.718856 -9064.14 0.736785
-0.110992 -7193.23 0.729971
0.082723 -6867.03 0.751358
-0.634553 -9125.94 0.850141
0.145229 -6768.22 0.808307
-0.627185 -9129.89 0.861119
0.0515381 -6902.91 0.851833
0.0728656 -6873.45 0.807346
0.429661 -6522.58 0.774981
-0.701528 -9181.26 0.781263
-0.17249 -7387.65 0.867236
0.830504 -6581.13 0.736796
0.149605 -6777.41 0.747881
0.0437601 -6918.51 0.827653
0.79125 -6550.39 0.736967
-0.0989924 -7189.33 0.803535
0.351848 -6585.08 0.725668
0.346678 -6563.71 0.801977
-0.17927 -7365.97 0.794217
0.137301 -6773.57 0.831558
-0.335182 -7748.16 0.766804
-0.550394 -8662.39 0.836618
0.326291 -6611.97 0.704645
0.404745 -6512.09 0.868863
-0.567453 -8772.42 0.846581
-0.58396 -8571.43 0.759279
-0.651367 -8957.43 0.786346
-0.71781 -9426.94 0.814301
-0.0423902 -7070.78 0.764399
-0.133462 -7274.6 0.830578
-0.0442445 -7077.72 0.797756
0.356739 -6535.24 0.879494
-0.265139 -7612.54 0.826274
-0.552942 -8553.51 0.795663
0.487577 -6491.49 0.838849
-0.116382 -7218.6 0.77772
0.146841 -6757.31 0.844697
0.549849 -6492 0.874949
0.693328 -6580.85 0.882231
-0.171038 -7402.34 0.902826
-0.710315 -9087.65 0.750937
0.289532 -6601.19 0.828047
0.650213 -6490.5 0.728485
-0.127892 -7231.94 0.746206
0.771542 -6607.34 0.819584
0.322407 -6586.46 0.787632
0.660605 -6490.06 0.713055
-0.0821705 -7146.3 0.766269
-0.101694 -7183.99 0.76227
0.321469 -6600.08 0.749029
-0.487301 -8162.04 0.736175
0.909767 -6644.62 0.722424
-0.663598 -8749.03 0.71764
-0.280943 -7648.88 0.816918
0.920218 -6796.99 0.795024
-0.147853 -7292.02 0.791419
0.115515 -6803.22 0.838597
0.703301 -6578.18 0.866496
-0.117329 -7243.22 0.848528
-0.436194 -8088.79 0.784208
-0.331216 -7730.24 0.761301
0.162604 -6742.53 0.819555
-0.284571 -7630.12 0.787665
0.0417507 -6921.41 0.833558
0.0166226 -6967.18 0.787978
-0.509073 -8482.44 0.837033
0.742883 -6551.54 0.786572
-0.45593 -8111.67 0.761807
0.373236 -6549.24 0.790895
-0.204168 -7396.85 0.747503
0.455177 -6493.66 0.877708
-0.508609 -8495.25 0.842756
0.585152 -6492.28 0.824273
0.0746971 -6880.87 0.736494
-0.521683 -8490.47 0.819836
0.470069 -6509.91 0.757365
0.0364804 -6939.09 0.720641
-0.622617 -8972.21 0.826598
-0.64251 -8683.3 0.722661
0.563106 -6497.53 0.888585
-0.328638 -7967.14 0.953007
-0.151492 -7310.89 0.815911
-0.766802 -9424.31 0.761787
-0.9062 -11984.1 0.923966
-0.54238 -8361.66 0.740638
0.087596 -6843.76 0.849923
-0.827809 -10179.7 0.821468
-0.281393 -7715.58 0.88183
-0.432163 -8072.81 0.782945
0.842626 -6749.36 0.844557
0.203454 -6683.27 0.850998
-0.0178459 -7027.44 0.780071
0.0503758 -6912.27 0.779614
-0.355834 -7978.83 0.888157
-0.349029 -7856.04 0.817745
0.176424 -6735.66 0.780144
0.211379 -6682.79 0.820713
-0.0269725 -7041.51 0.741602
0.374539 -6537.22 0.830322
0.209707 -6693.26 0.791776
-0.517735 -8192.54 0.70602
0.229321 -6701.24 0.699855
-0.526012 -8222.27 0.707344
-0.569345 -8513.34 0.759075
-0.325994 -7734.07 0.776696
-0.00808777 -7010.26 0.789563
-0.641495 -9072.4 0.827703
0.295506 -6582.64 0.872348
0.170805 -6722.5 0.855857
0.3352 -6568.12 0.814783
0.0357141 -6932.31 0.826973
-0.459943 -8073.32 0.735914
-0.337076 -7705.48 0.727914
-0.232233 -7464.9 0.751379
0.616999 -6504.83 0.839915
0.403643 -6541.52 0.755964
0.00370604 -6989.44 0.788895
-0.291294 -7648.53 0.787545
0.395914 -6540.39 0.774559
0.565415 -6488.71 0.814909
-0.897291 -10617.8 0.809426
0.579427 -6493.7 0.842127
0.477728 -6493.79 0.835213
-0.462023 -8314.27 0.848045
-0.299662 -7654.52 0.771224
-0.181742 -7375.58 0.801066
0.158614 -6740.89 0.846716
0.583081 -6488.04 0.773819
-0.237541 -7496.75 0.776423
-0.0996508 -7206.54 0.863249
0.656782 -6514.72 0.817284
-0.833295 -10165.4 0.81412
0.461165 -6513.05 0.758568
0.877483 -6815.41 0.841887
-0.370457 -7899.6 0.800299
0.0282146 -6952.14 0.712851
0.177849 -6702.3 0.898317
0.118312 -6807.63 0.79758
0.0105759 -6976.54 0.831528
-0.214108 -7470.91 0.823811
0.643092 -6519.03 0.845443
-0.302425 -7770.82 0.869989
-0.739811 -9293.34 0.763794
-0.450879 -8179.72 0.8044
0.0530498 -6905.14 0.806726
0.392771 -6552.36 0.741733
0.453555 -6500.38 0.8337
0.0691726 -6881.29 0.792258
-0.424345 -8200.34 0.865463
-0.222379 -7459.07 0.776401
0.201252 -6732.09 0.695305
0.360013 -6552.13 0.810029
0.182149 -6719.95 0.811759
-0.0266389 -7045.17 0.809814
-0.377566 -7993.97 0.846729
-0.00113913 -6997.84 0.750302
-0.800256 -9601.16 0.760579
0.531798 -6488.64 0.805275
0.0274587 -6948.66 0.792106
0.629335 -6511.35 0.843675
0.63178 -6510.47 0.837874
-0.0862467 -7156.05 0.774181
0.166779 -6724.12 0.870121
0.652691 -6512.39 0.816296
0.626579 -6488.24 0.726057
0.149289 -6770.09 0.778761
0.525954 -6491.57 0.776899
-0.851586 -9854.9 0.753335
0.422689 -6500.79 0.892001
0.270853 -6623.78 0.810763
-0.0133957 -7021.44 0.84376
0.0577004 -6891.8 0.85732
0.185691 -6697.08 0.879822
0.688409 -6594.07 0.90406
0.462945 -6507.76 0.778773
-0.2857 -7619.2 0.77355
-0.15714 -7321.02 0.808901
0.023631 -6953.57 0.822625
0.232993 -6661.12 0.813418
-0.586871 -8558.35 0.751247
0.590658 -6501.78 0.865786
0.114678 -6806.56 0.828129
-0.108922 -7196.6 0.755527
0.364391 -6551.2 0.803411
0.0744042 -6888.06 0.69021
0.817764 -6571.57 0.738145
0.941469 -6917.79 0.821987
-0.608553 -8834.3 0.807261
-0.565525 -8626.51 0.80244
0.893198 -6954.3 0.878717
0.422386 -6513.63 0.825583
-0.392686 -7997.62 0.816362
-0.424695 -8082.01 0.801746
-0.400982 -7980.17 0.788963
-0.47923 -8214.39 0.772791
-0.509804 -8231.06 0.733593
0.450694 -6512.06 0.780433
-0.734631 -8973.79 0.700918
-0.316656 -7731.23 0.797153
0.706658 -6563.61 0.843853
0.434842 -6528.72 0.743497
0.249464 -6665.43 0.746612
0.0201453 -6962.1 0.767081
0.84415 -6676.78 0.800712
0.0732627 -6873.18 0.80483
0.253844 -6632.96 0.83463
-0.304604 -7675.19 0.777843
-0.428379 -8142.85 0.827352
-0.599008 -9034.21 0.876136
-0.425009 -8001.52 0.756477
-0.0568382 -7100 0.782241
0.349505 -6593.13 0.707847
-0.914763 -11598.1 0.885862
0.741163 -6666.24 0.904029
0.0409607 -6924.38 0.814439
0.544511 -6489.1 0.778437
0.299208 -6587.61 0.844897
-0.141657 -7248.45 0.716212
0.652077 -6525.92 0.849235
-0.12971 -7262.68 0.821758
0.367595 -6548.56 0.805357
-0.170744 -7349.47 0.801355
0.627352 -6493.88 0.778857
-0.160908 -7273.88 0.687308
-0.372043 -7931.54 0.81831
-0.272115 -7682.99 0.87873
0.63896 -6533.96 0.883212
0.909555 -6715.78 0.765265
0.473551 -6501.74 0.790983
-0.636974 -8658.54 0.721785
0.0112198 -6975.13 0.841206
0.839204 -6629.88 0.772009
0.206391 -6675.01 0.86794
-0.0276802 -7044.1 0.762817
0.693703 -6536.89 0.818694
-0.412892 -8011.57 0.78451
-0.488391 -8428 0.850243
0.269231 -6653.94 0.724434
0.367412 -6556.52 0.779345
0.283321 -6615.96 0.799003
-0.245053 -7531.51 0.796025
0.362434 -6532.85 0.875118
-0.172862 -7354.52 0.801408
-0.241966 -7493.24 0.757731
-0.0201109 -7032.88 0.809627
0.506432 -6497.49 0.762938
-0.795815 -9677.32 0.777567
-0.393208 -8012.69 0.824461
-0.000460082 -6996.69 0.740591
0.628352 -6510.23 0.841731
0.213046 -6706.24 0.737253
-0.17544 -7333.02 0.748004
-0.427249 -7994.63 0.748637
-0.386974 -7983.97 0.819902
0.2569 -6607.13 0.911941
0.807022 -6675.02 0.836355
0.732068 -6579.31 0.833766
-0.47412 -8276.49 0.80949
-0.208814 -7399.48 0.735002
0.0478447 -6927.81 0.662601
0.291156 -6602.32 0.819822
0.0817902 -6851.99 0.856536
0.0811599 -6867.92 0.76011
0.271432 -6614.88 0.837536
-0.050955 -7091.71 0.806079
0.693353 -6503.63 0.743657
0.446008 -6514.73 0.777221
0.223054 -6655.07 0.870464
0.729125 -6547.33 0.795268
0.203108 -6703.07 0.783981
0.815471 -6621.25 0.787415
0.283827 -6602.08 0.841802
-0.59178 -8742.09 0.80263
-0.233142 -7542.01 0.850306
-0.211434 -7437.38 0.783962
-0.561837 -8524.79 0.773188
-0.0632036 -7111 0.774074
-0.418802 -8022.59 0.779712
-0.143216 -7263.14 0.745401
0.573204 -6493.36 0.84908
0.0267494 -6947.56 0.832544
0.206848 -6683.92 0.834775
0.607541 -6497.46 0.823278
-0.0454127 -7078.69 0.786151
-0.183015 -7336.66 0.723845
0.69933 -6564.71 0.854167
0.0783878 -6869.4 0.777177
-0.0922861 -7161.34 0.745746
-0.256051 -7558.87 0.793969
0.0229572 -6955.86 0.800066
0.275966 -6605.38 0.854721
0.173178 -6740.37 0.777415
-0.682922 -9581.53 0.887368
0.523967 -6488.01 0.83594
0.41945 -6502.24 0.889954
-0.288524 -7657.87 0.804291
-0.53951 -8392.8 0.756443
-0.53403 -8319.6 0.735797
-0.488033 -8164.06 0.735997
0.499252 -6491.41 0.82005
-0.187469 -7421.26 0.856519
-0.307582 -7788.5 0.870694
-0.260854 -7525.64 0.740978
0.0268363 -6949.32 0.79891
-0.090021 -7155.31 0.738534
0.48788 -6496.2 0.800338
0.477693 -6496.29 0.816798
0.200076 -6701.38 0.801683
-0.774067 -9997.43 0.851207
0.343031 -6562.6 0.814165
-0.570092 -8776.42 0.843904
0.0611631 -6886.02 0.85656
0.516865 -6491.23 0.923782
-0.805061 -10535.6 0.891929
0.113321 -6825.26 0.745823
0.851648 -6706.16 0.811729
-0.464163 -8147.45 0.765805
-0.114071 -7233.32 0.841034
0.0385036 -6930.14 0.794197
0.242059 -6663.24 0.776276
-0.0100881 -7014.23 0.806449
-0.228826 -7498.07 0.807778
-0.0654978 -7112.65 0.757082
-0.394023 -7967.85 0.795298
-0.931481 -11209.1 0.83725
-0.476792 -8210.69 0.775042
0.839023 -6729.2 0.83723
0.454943 -6522.24 0.733124
0.0270795 -6953.2 0.72421
0.40957 -6522.35 0.813907
-0.663098 -9642.21 0.926188
0.118897 -6815.61 0.7559
-0.708949 -9216.22 0.780653
0.756603 -6600.21 0.828799
-0.383111 -7908.23 0.779514
0.516142 -6488.78 0.826915
0.0952578 -6831.97 0.848572
0.502501 -6488.46 0.856293
0.301145 -6594.26 0.817905
0.241455 -6668.74 0.761112
-0.679959 -8856.74 0.728197
0.227682 -6701.9 0.702918
-0.599128 -8768.84 0.80076
-0.22014 -7480.47 0.814833
0.149756 -6761.62 0.810638
-0.554621 -8632.16 0.82012
-0.277523 -7546.63 0.719331
0.498541 -6488.66 0.858591
-0.0159179 -7020.61 0.687367
0.487003 -6497.2 0.795216
-0.108093 -7193.96 0.752099
0.342178 -6561.82 0.818785
0.124201 -6797.48 0.8064
-0.602464 -8726.47 0.783731
-0.640238 -8891.86 0.782773
-0.675826 -9100.9 0.792373
0.129453 -6789.05 0.811385
0.728023 -6505.61 0.714096
-0.297664 -7699.88 0.819093
0.205875 -6726.85 0.696188
-0.333614 -7831.72 0.836722
0.817969 -6689.04 0.834402
-0.597211 -8532.73 0.729968
-0.0253185 -7038.12 0.732477
0.800865 -6640.57 0.817519
0.269737 -6629.83 0.795138
-0.566878 -8725.61 0.832656
-0.541844 -8372.07 0.745337
0.525829 -6502.27 0.709762
0.020878 -6961.88 0.745045
-0.401043 -7813.86 0.684439
-0.157444 -7324.63 0.81524
-0.794523 -10072.4 0.840414
0.20423 -6677.96 0.866553
0.159489 -6744.2 0.828925
0.671009 -6548.98 0.866794
-0.0349209 -7062.86 0.832802
-0.328031 -7845.12 0.861523
-0.263976 -7507.75 0.711514
-0.599027 -8741.07 0.792615
0.041659 -6926.1 0.780836
-0.156397 -7335.01 0.843443
0.807156 -6625.55 0.799115
-0.571767 -8646.59 0.800229
0.310451 -6568.75 0.877486
0.0767656 -6865.31 0.821275
-0.750642 -9632.42 0.816433
0.772801 -6532.71 0.728201
0.942267 -6772.17 0.765694
-0.497822 -8424.98 0.832913
0.849596 -6700.34 0.810235
0.0571032 -6899.66 0.797231
-0.530017 -8551.66 0.829405
-0.171279 -7364.54 0.828479
-0.387725 -7991.55 0.823038
0.0436292 -6919.6 0.817871
0.866112 -6777.57 0.835615
-0.22018 -7466.24 0.794426
0.615282 -6492 0.781895
-0.791682 -9469.05 0.745846
0.315947 -6578.12 0.830609
0.0926119 -6837.44 0.840718
0.269451 -6628.39 0.800474
-0.489229 -8390.86 0.833375
0.254385 -6643.37 0.799518
0.185543 -6741.4 0.722069
-0.694128 -8951.82 0.736556
-0.201396 -7413.06 0.784092
-0.183607 -7365.33 0.774295
-0.334076 -7893.8 0.883079
0.57322 -6493.47 0.849737
-0.0356976 -7069.73 0.895465
0.0434457 -6927.74 0.73045
0.0828079 -6871.44 0.72291
0.646775 -6492.42 0.746598
0.540409 -6491.37 0.75792
0.148839 -6749.28 0.866815
0.325395 -6560.45 0.865844
0.171464 -6732.04 0.816285
-0.0117925 -7018.43 0.846651
-0.395822 -7944.64 0.777325
-0.22845 -7479.43 0.783764
0.386529 -6539.81 0.795373
0.443526 -6512.46 0.791282
-0.213329 -7474.06 0.831455
0.311826 -6589.32 0.805308
0.101329 -6828.41 0.816948
0.0708471 -6877.04 0.804207
0.033605 -6943.69 0.717178
-0.66327 -9040.84 0.792871
0.245136 -6645 0.824367
-0.41203 -8059.75 0.813808
-0.670036 -9477.74 0.883077
-0.438716 -8137.43 0.805063
0.36765 -6557.75 0.774872
0.606554 -6489.58 0.771443
-0.326634 -7748.94 0.787511
-0.154438 -7293.43 0.760868
0.269409 -6630.32 0.79459
-0.778418 -9780.98 0.812186
-0.321423 -7735.25 0.788741
0.316066 -6615.2 0.71836
-0.547322 -8812.8 0.890724
0.629815 -6524.56 0.876231
-0.135968 -7284.09 0.840031
-0.116593 -7225.39 0.797838
-0.113553 -7213.74 0.781207
0.297961 -6597.84 0.81519
-0.205492 -7408.12 0.760633
0.531965 -6488.03 0.822478
0.527931 -6488.77 0.808658
0.415028 -6515.89 0.830095
0.336684 -6559.7 0.839392
-0.669292 -9483.38 0.885239
-0.0396577 -7065.74 0.763888
-0.422595 -7921.83 0.714716
0.206599 -6701.57 0.775749
-0.824842 -10109 0.814659
-0.380852 -7883.27 0.767635
-0.538077 -8540.19 0.812872
0.0213667 -6956.22 0.851709
0.205177 -6704.93 0.769878
-0.200479 -7456.37 0.856959
-0.610482 -8798.46 0.794448
-0.575028 -8599.83 0.780453
-0.372178 -7986.09 0.853876
0.203322 -6683.78 0.849732
0.254463 -6622.96 0.865747
0.203867 -6717.48 0.733325
0.268518 -6648.51 0.742198
0.616575 -6488.66 0.74646
-0.334403 -7780.88 0.794819
-0.70992 -9235.74 0.783769
0.574676 -6487.96 0.781426
0.231387 -6666.73 0.800744
-0.368554 -7874.7 0.787354
-0.313118 -7811.97 0.87505
-0.904054 -11100 0.852482
0.203493 -6677.87 0.870041
0.407244 -6549.78 0.723178
0.0305696 -6948.48 0.714256
0.45315 -6512.58 0.773972
-0.876082 -10972.2 0.866968
-0.0787658 -7140.65 0.771177
0.0596137 -6893.62 0.814413
0.33947 -6565.95 0.811599
0.257872 -6665.01 0.723491
-0.424606 -8294.05 0.9127
0.484138 -6496.72 0.803041
0.0802819 -6857.44 0.836737
0.332566 -6571.64 0.809718
-0.476085 -8117.61 0.732407
-0.503037 -8428.27 0.825599
-0.891857 -10624 0.815044
0.617729 -6492.08 0.779336
0.41352 -6506.18 0.880207
0.0802333 -6854.7 0.85525
-0.0887068 -7180.19 0.857532
0.105649 -6802.08 0.923027
0.136193 -6770.64 0.85123
-0.43128 -8019.9 0.75567
-0.0511999 -7090.06 0.788988
0.0152458 -6968.03 0.833368
-0.840793 -9856.9 0.763301
0.353144 -6541.35 0.864724
-0.837939 -10546.3 0.858226
-0.858678 -9767.92 0.73433
0.0697185 -6877.53 0.813656
-0.374506 -7883.45 0.780769
0.171718 -6727.75 0.831288
0.0858763 -6847.36 0.844525
0.751346 -6550.06 0.775637
0.0894457 -6847.26 0.811389
-0.487051 -8309.03 0.802193
0.162176 -6746.27 0.807174
0.712799 -6505.91 0.730212
0.314474 -6595.34 0.779948
-0.077553 -7159.36 0.877521
-0.924419 -10613.2 0.785174
0.642801 -6517.09 0.841103
0.3219 -6568.33 0.847708
0.659299 -6510.87 0.803998
0.456773 -6506.74 0.794114
0.0240789 -6948.38 0.908737
-0.140005 -7272.83 0.787247
0.255746 -6657.09 0.7531
0.651222 -6488.51 0.704273
-0.465864 -8323.54 0.845237
0.0475563 -6905.83 0.892738
0.36558 -6563.02 0.762629
-0.30018 -7803.91 0.905717
0.527811 -6490.81 0.78164
0.0293217 -6947.35 0.762911
-0.544955 -8650.19 0.840825
0.492202 -6493.51 0.812896
0.287859 -6638.92 0.719021
0.443907 -6505.26 0.824649
-0.711938 -8948.18 0.717277
-0.155824 -7333.89 0.844096
-0.459838 -8401.84 0.891512
-0.651726 -8891.45 0.768868
0.398931 -6509.97 0.89212
0.536214 -6488.58 0.799895
-0.0593886 -7106.44 0.792754
-0.173807 -7323.57 0.736384
0.513988 -6494.48 0.771256
0.660235 -6490.9 0.720692
0.545681 -6488.67 0.78425
-0.212314 -7506.01 0.882128
-0.0437094 -7076.09 0.792067
-0.0787292 -7142.83 0.782431
0.504188 -6503.04 0.736447
0.329221 -6575.95 0.804022
0.615844 -6491.85 0.78009
0.443912 -6500.36 0.851942
-0.42022 -8235.96 0.892521
-0.0188415 -7030.73 0.814885
-0.319611 -7705.19 0.767436
-0.0419994 -7078.92 0.852265
0.447399 -6491.34 0.915841
-0.408657 -8069.8 0.826265
-0.363384 -7968.74 0.862956
0.543982 -6487.95 0.80879
-0.757769 -9364.48 0.759501
-0.128121 -7258.83 0.82115
-0.425059 -8283.76 0.906577
0.0333797 -6938.78 0.79198
-0.583087 -8609.01 0.772636
0.249906 -6645.26 0.807785
0.202743 -6711.23 0.758048
-0.412528 -7999.1 0.777958
0.0459331 -6926.26 0.706483
-0.104183 -7202.66 0.811764
-0.295291 -7689.03 0.815469
-0.808501 -9852.47 0.793107
0.496538 -6492.96 0.810288
0.435315 -6507.27 0.830604
-0.278597 -7611.76 0.785543
0.282644 -6612.45 0.811914
0.239377 -6656.41 0.806801
0.846554 -6788.51 0.860203
0.298562 -6579.32 0.874794
0.434641 -6519.56 0.77774
0.494692 -6491.69 0.824781
-0.57172 -8788.03 0.845097
-0.231644 -7500.09 0.800639
0.412426 -6520.12 0.817325
0.191021 -6691.85 0.874412
-0.380216 -8074.32 0.890843
0.761988 -6564.58 0.783776
-0.534756 -8262.12 0.711938
0.110315 -6796.22 0.914451
-0.080882 -7151.93 0.80566
0.588839 -6488.85 0.784719
0.275425 -6624.11 0.79629
0.389996 -6535.3 0.804283
0.0893747 -6856.22 0.758794
-0.281924 -7548.67 0.710277
0.602627 -6494.08 0.812021
0.896589 -6723.32 0.78038
-0.427352 -8038.76 0.773079
0.153335 -6756.49 0.81223
-0.680006 -9029.98 0.770769
-0.334595 -7707.08 0.734627
0.434787 -6504.33 0.846892
-0.0560457 -7102.43 0.810963
-0.757896 -9446 0.774805
0.100733 -6827.02 0.829358
0.169174 -6747.95 0.767563
-0.315052 -7678.49 0.75498
0.0999503 -6827.06 0.835647
0.0886336 -6840.27 0.861189
0.656806 -6512.8 0.812285
-0.586364 -8696.24 0.795894
0.214759 -6676.49 0.829068
-0.497464 -8161.4 0.720845
0.684244 -6511.56 0.776506
-0.440165 -8008.1 0.734018
0.144733 -6755.51 0.864682
-0.719018 -9287.11 0.784592
-0.401999 -8160.5 0.891527
-0.110989 -7230.67 0.855627
-0.0588786 -7112.74 0.842856
0.743112 -6584.3 0.82699
0.132863 -6792.5 0.77544
0.231188 -6655.93 0.836985
0.177451 -6724.42 0.816695
-0.525351 -8415.09 0.785461
0.0798349 -6874.63 0.729221
0.673083 -6506.86 0.776178
0.440628 -6494.91 0.896146
-0.067799 -7124.82 0.803373
-0.0493186 -7090.11 0.819501
-0.107869 -7192.68 0.749163
0.248717 -6622.35 0.887835
-0.100455 -7188.61 0.789127
-0.304609 -7654.43 0.75862
0.630305 -6515.69 0.854168
-0.882208 -10396.2 0.797588
0.628236 -6487.9 0.708994
-0.490255 -8580.97 0.908113
0.191705 -6707.81 0.81376
-0.0238123 -7043.01 0.867177
0.767292 -6572.63 0.787926
-0.263055 -7581.38 0.798203
0.0837761 -6856.23 0.809468
0.349892 -6585.92 0.727312
-0.0928586 -7179.11 0.814757
0.651678 -6497.3 0.766798
-0.483928 -8342.63 0.821932
0.376744 -6544.5 0.799549
0.339233 -6573.67 0.787405
0.190681 -6717.54 0.783851
-0.01812 -7027.43 0.768079
-0.2542 -7641.2 0.894252
0.188528 -6721.74 0.778047
0.595061 -6492.07 0.809008
-0.548095 -8318.53 0.716505
-0.459487 -8106.71 0.753433
-0.720548 -9036.49 0.728867
0.205232 -6688.56 0.825194
0.117942 -6817.46 0.753263
-0.428054 -8051.36 0.778744
0.21359 -6673.91 0.842487
0.943103 -6774.99 0.766266
-0.0352603 -7053.34 0.710598
-0.204405 -7424.11 0.790057
0.127602 -6796.5 0.789318
0.197137 -6681.83 0.883528
0.178514 -6699.44 0.906001
0.713607 -6549.07 0.815183
0.578109 -6492.65 0.836993
-0.780866 -10415.8 0.903754
0.154692 -6750.13 0.830613
0.0166855 -6968.91 0.737108
0.265375 -6612.47 0.864706
-0.801828 -10031.5 0.826777
-0.00653525 -7007.3 0.775886
-0.965098 -10115.9 0.69709
-0.107752 -7164.73 0.650899
-0.523999 -8474 0.810005
0.26846 -6626.84 0.808285
-0.286135 -7586.36 0.738942
-0.161717 -7301.94 0.745073
-0.193532 -7369.62 0.742012
0.806879 -6577.1 0.754118
0.530132 -6490.47 0.781796
-0.614459 -8654.51 0.74702
-0.59401 -8693.71 0.784873
0.248028 -6673.66 0.726229
-0.566806 -8535.74 0.770154
-0.00321785 -7001.82 0.81888
-0.490178 -8245.92 0.769548
-0.453849 -7990.76 0.702705
0.0180841 -6961.42 0.872073
0.814462 -6634.81 0.799387
0.57966 -6489.52 0.806533
-0.814429 -9726.97 0.767755
-0.289433 -7679.13 0.822429
0.491212 -6492.32 0.82477
-0.134509 -7268.23 0.807222
0.133947 -6790.42 0.778209
0.615289 -6498.74 0.818692
0.0348565 -6934.78 0.81323
0.162262 -6740.26 0.83015
0.367124 -6527.81 0.884383
0.655231 -6507.58 0.799504
0.0706302 -6878.67 0.794853
0.872121 -6679.42 0.77669
-0.0919746 -7188.66 0.862095
0.340936 -6587.85 0.740787
0.419208 -6534.67 0.750377
0.150834 -6783.8 0.716738
0.651675 -6493.97 0.75029
0.248969 -6617.61 0.90347
-0.641901 -9482.38 0.922793
0.150465 -6781.84 0.726171
-0.616714 -8856.33 0.80276
0.129432 -6788.85 0.812402
-0.464727 -8312.03 0.842093
0.768777 -6618.4 0.832707
0.25571 -6672.14 0.708815
-0.0359412 -7062.68 0.807072
-0.250104 -7554.34 0.807439
0.585995 -6487.94 0.750985
0.569888 -6487.92 0.784826
0.497849 -6494.51 0.796067
0.569027 -6493.16 0.705611
0.268529 -6632.15 0.791497
-0.845378 -9985.01 0.77765
0.848334 -6603.36 0.741953
0.0250187 -6953.94 0.770033
0.380658 -6533.98 0.828932
0.753764 -6556.56 0.782017
0.055791 -6896.5 0.844273
0.365524 -6546.05 0.818607
-0.372641 -7874.81 0.778793
0.336159 -6567.53 0.814381
-0.59051 -8578.69 0.753201
-0.299077 -7689.79 0.80585
-0.193716 -7402.5 0.797392
0.206277 -6708.21 0.75494
0.366168 -6538.21 0.845541
-0.73703 -9972.76 0.889978
-0.816378 -10036.3 0.812737
0.562068 -6490 0.742427
-0.733255 -9380.1 0.787981
0.617239 -6493.7 0.790547
0.618904 -6509.19 0.851471
0.840218 -6649.41 0.785703
-0.530576 -8590.42 0.842485
0.599098 -6500.94 0.850212
-0.591461 -8799.84 0.820409
0.0519339 -6913.49 0.744655
0.103237 -6827.2 0.808281
-0.0662943 -7137.52 0.897645
0.321884 -6611.92 0.714432
-0.540316 -8552.2 0.813789
0.0332902 -6934.12 0.861004
-0.746447 -9614.52 0.817813
0.230767 -6635.48 0.909083
-0.437994 -8316.88 0.895822
-0.213895 -7420.54 0.749611
-0.489792 -8429.02 0.848231
-0.566356 -8622.65 0.799989
0.428635 -6501.28 0.876597
0.151026 -6758.62 0.815975
-0.689337 -9479.49 0.858705
-0.350154 -7772.39 0.752598
-0.458101 -8163.53 0.783827
-0.256545 -7565.69 0.800358
0.549222 -6493.4 0.886387
0.482532 -6491.51 0.847443
-0.0407834 -7068.1 0.767057
-0.512236 -8286.77 0.753539
-0.711111 -9147.54 0.763374
0.00903424 -6979.17 0.839837
-0.35133 -7930.55 0.86586
-0.00452701 -7004.23 0.819061
-0.218695 -7534.73 0.896421
0.613178 -6490.35 0.771089
0.35124 -6557.12 0.81318
0.696451 -6598.01 0.897988
-0.185904 -7346.78 0.731121
-0.0120202 -7016.32 0.753671
0.553432 -6490.85 0.745003
0.0485131 -6915.58 0.776102
0.611287 -6491.47 0.783045
-0.590052 -8838.85 0.833913
0.261328 -6643.69 0.777287
0.445205 -6499.94 0.851986
0.264544 -6608.55 0.880727
0.617656 -6491.49 0.775099
-0.323101 -7722.49 0.773866
-0.245142 -7550.59 0.819194
0.497672 -6500.91 0.756948
-0.229558 -7431.98 0.714526
-0.241375 -7559.21 0.842665
0.182136 -6726.53 0.788111
0.0272415 -6950.07 0.773927
0.252169 -6653.24 0.775598
-0.254382 -7565.44 0.806868
-0.128911 -7253.9 0.802306
-0.36232 -7846.45 0.780944
-0.0892116 -7160.21 0.76657
0.769018 -6507.3 0.680494
0.210048 -6735.24 0.656528
-0.244231 -7486.46 0.742089
-0.497185 -8346.05 0.801448
-0.386363 -7938.56 0.79247
-0.0644355 -7117.15 0.797667
0.41622 -6514.79 0.83259
0.26474 -6643.87 0.766738
-0.554726 -8714.52 0.847282
0.122938 -6792.69 0.83718
0.526303 -6489.86 0.794679
0.518678 -6492.39 0.780495
-0.108677 -7211.81 0.809654
0.220908 -6668.12 0.833988
0.57596 -6493.54 0.846207
-0.547556 -8760.97 0.873624
0.588286 -6489.05 0.788448
-0.257169 -7492.32 0.711832
-0.342254 -7814.72 0.802655
-0.446926 -8090.62 0.766322
0.556177 -6488 0.809189
-0.755178 -9420.89 0.772866
-0.36084 -7928.44 0.84159
-0.81571 -10690.1 0.899042
0.453411 -6511.9 0.776422
0.371805 -6562.27 0.75215
-0.624106 -8702.52 0.749599
-0.139454 -7273.71 0.79262
0.764034 -6590.57 0.810983
-0.270116 -7674.24 0.876174
-0.33043 -7765.4 0.791863
0.784454 -6609.17 0.807785
-0.137768 -7294.04 0.854504
-0.326417 -7692.25 0.740457
0.185116 -6725.19 0.780146
-0.27292 -7677.71 0.870737
-0.655723 -8825.32 0.746807
-0.150626 -7322.54 0.847367
0.635605 -6513.99 0.842587
-0.255976 -7596.35 0.837446
-0.626195 -9170.75 0.872658
-0.366042 -8126.54 0.958149
0.377893 -6548.65 0.783092
-0.148487 -7271.88 0.739995
-0.143209 -7283.37 0.795777
0.3171 -6573.22 0.843876
-0.525627 -8667.93 0.877984
0.856573 -6580.29 0.713539
-0.588236 -8772.78 0.816779
0.0121523 -6974.73 0.791859
0.301455 -6601.7 0.793745
0.321429 -6593.03 0.769977
-0.398233 -8007.12 0.810716
0.0258658 -6954.66 0.731744
-0.593333 -8765.28 0.807514
0.375327 -6541.4 0.813428
-0.33412 -7808.16 0.817054
-0.471011 -8164.49 0.762802
0.0837453 -6854.46 0.820883
-0.395432 -8058.52 0.847238
0.871311 -6719.7 0.80103
0.672882 -6498.07 0.745878
0.291127 -6611.62 0.790817
0.554966 -6488.3 0.82136
0.917524 -6794 0.796066
-0.00170921 -6998.72 0.731172
0.531656 -6490.43 0.890172
-0.822287 -10206.7 0.830671
-0.0719554 -7132.8 0.801074
0.56847 -6487.95 0.788729
-0.155763 -7320.64 0.815217
-0.22857 -7562.85 0.894611
0.717622 -6601.86 0.875545
0.48281 -6491.22 0.849949
0.411622 -6511.84 0.855548
0.084174 -6862.88 0.764113
0.331449 -6565.19 0.833781
-0.594476 -8725.68 0.79402
0.109496 -6819.54 0.800785
-0.791041 -10134.5 0.853167
-0.216517 -7453.9 0.789868
0.345682 -6569.23 0.786559
0.133382 -6777.11 0.840165
-0.327322 -7853.88 0.870279
-0.322338 -7712.34 0.767058
-0.00990018 -7013.05 0.76924
0.299784 -6621.4 0.739327
-0.458916 -8213.32 0.806487
0.0371626 -6935.17 0.757854
0.370609 -6521.02 0.905449
-0.638404 -9135.02 0.847247
-0.222257 -7499 0.83294
-0.462259 -8114.52 0.752788
0.211739 -6685.17 0.811255
0.352805 -6550.05 0.83382
0.209523 -6715.67 0.719285
0.869878 -6741.01 0.813793
0.614775 -6507.56 0.852053
-0.322078 -7875.61 0.901681
0.82777 -6670.5 0.812352
-0.624037 -9247.68 0.894531
-0.151097 -7302.26 0.798159
0.415397 -6544.11 0.726376
-0.868169 -10102.6 0.773152
0.500164 -6490.16 0.832366
-0.0599903 -7110.17 0.80994
0.48882 -6495.5 0.80356
-0.258683 -7524.88 0.74631
0.406787 -6525.22 0.808088
0.610235 -6494.48 0.804261
-0.0152894 -7024.47 0.82591
0.517808 -6501.71 0.723525
0.0642762 -6892.03 0.76778
0.104696 -6823.68 0.815586
-0.259506 -7517.54 0.735314
-0.361993 -7832.95 0.772007
0.182385 -6713.35 0.834834
-0.289628 -7679.86 0.822579
0.495512 -6490.57 0.8352
-0.41898 -7991.43 0.761569
0.241452 -6649.24 0.823023
0.312159 -6585.28 0.81727
0.415832 -6514.83 0.833198
-0.0794848 -7141.68 0.769309
0.298636 -6582.97 0.862093
0.546994 -6488.31 0.833762
-0.595401 -8988.76 0.868973
0.397438 -6520.95 0.844609
0.641038 -6504.68 0.807932
0.545685 -6487.93 0.807898
-0.641448 -8979.14 0.804116
-0.762907 -9758.24 0.824888
-0.174533 -7352.79 0.790389
0.56085 -6489.84 0.745916
0.472784 -6492.2 0.858021
0.325581 -6559.96 0.86709
0.110475 -6821.51 0.7838
0.287568 -6602.66 0.828966
-0.878744 -10160.3 0.771361
0.763017 -6516.98 0.708346
0.0635428 -6889.22 0.799013
0.291425 -6562.25 0.959686
0.0576827 -6897.71 0.806137
-0.21751 -7528.22 0.892239
-0.122798 -7233.13 0.780717
-0.27668 -7672.51 0.853631
-0.749983 -9431.04 0.780149
-0.331391 -7689.07 0.72667
0.156516 -6762 0.774134
-0.32191 -7748.98 0.799104
-0.579841 -8674.19 0.797883
-0.601849 -8725.97 0.78438
-0.571183 -8685.7 0.813676
0.336079 -6565.69 0.820654
0.599316 -6506.79 0.871462
-0.503178 -8446.72 0.832728
0.560408 -6488.48 0.817611
0.248198 -6678.05 0.712788
