0.090703 -6847.55 0.798465
-0.251254 -7552.33 0.801346
-0.639577 -8930.78 0.793874
-0.0658628 -7121.28 0.805519
0.950024 -6895.79 0.80724
-0.571676 -8625.4 0.793444
0.691007 -6511.62 0.76908
0.28582 -6610.27 0.809741
0.825824 -6651.35 0.800811
-0.286815 -7636.86 0.788241
0.25454 -6641.86 0.803807
0.879289 -6711.85 0.789424
-0.252112 -7561.98 0.810048
0.0218051 -6957.65 0.803987
0.713668 -6533.63 0.790165
0.0733071 -6874.11 0.797814
-0.39901 -8010.97 0.811445
-0.239322 -7514.14 0.792989
0.509351 -6493.64 0.784535
0.00604947 -6985.1 0.808705
-0.694308 -9233.14 0.800824
-0.300836 -7690.43 0.801738
-0.167175 -7342.27 0.80386
0.654241 -6506.35 0.796962
-0.11045 -7216.74 0.813236
-0.075022 -7138.23 0.796975
0.144757 -6773.33 0.789715
-0.268887 -7615.65 0.818104
-0.356819 -7866.36 0.807289
0.597949 -6492.63 0.809093
-0.468824 -8283.96 0.822037
-0.457027 -8213.04 0.809685
-0.187255 -7392.97 0.808212
0.589727 -6491.29 0.810137
-0.678468 -9181.35 0.807839
-0.0611223 -7110.74 0.798718
0.309536 -6589.92 0.809336
0.175973 -6733.99 0.788215
-0.137556 -7278.48 0.81588
-0.274464 -7606.56 0.791875
0.0285097 -6946.85 0.792898
0.0322998 -6939.97 0.800876
0.251128 -6644.69 0.805659
0.244072 -6651.32 0.807494
0.0701483 -6877.36 0.809873
-0.908712 -10738 0.812085
-0.457157 -8199.95 0.803158
0.595214 -6491.58 0.805044
0.679081 -6519.73 0.802219
0.704637 -6525.37 0.784816
-0.285544 -7647.58 0.802453
-0.502495 -8332.85 0.787504
-0.0882097 -7166.6 0.803253
0.366024 -6554.55 0.788699
-0.706055 -9324.18 0.806775
0.136824 -6782.61 0.795254
-0.554322 -8565.22 0.797735
-0.75535 -9587.39 0.803332
-0.619715 -8861.91 0.800423
0.248838 -6646.91 0.805976
0.135947 -6781.3 0.806058
-0.574108 -8654.64 0.799567
0.852706 -6689.68 0.800807
-0.828965 -9943.45 0.787012
0.709241 -6548.36 0.819134
-0.725793 -9360.07 0.792076
0.596986 -6489.29 0.780282
0.36801 -6552.16 0.792328
-0.201791 -7416.55 0.788158
-0.0714085 -7129.75 0.790263
0.205561 -6690.01 0.818876
0.240892 -6654.48 0.807912
0.681183 -6528.53 0.81816
-0.435733 -8099.09 0.790489
-0.110766 -7208.67 0.783791
0.242104 -6655.67 0.800054
0.52222 -6490.52 0.793062
-0.798807 -9812.53 0.796463
-0.441482 -8134.31 0.798419
-0.147544 -7294.62 0.79927
-0.407091 -7994.97 0.785907
0.654876 -6507.72 0.800362
0.276273 -6618.22 0.812244
-0.288731 -7650.2 0.796176
0.230014 -6668.38 0.800131
0.592705 -6490.93 0.803042
-0.461394 -8215.27 0.803084
-0.343898 -7837.43 0.816004
0.242976 -6654.29 0.801611
-0.802316 -9817.06 0.793691
-0.249603 -7534.23 0.784816
0.0507514 -6908.67 0.808851
0.307221 -6593.48 0.804166
-0.505715 -8376.56 0.80041
-0.478453 -8239.68 0.785582
-0.469756 -8186.79 0.775417
0.590545 -6491.7 0.812332
0.0598915 -6894.52 0.803114
-0.0148025 -7022.64 0.799028
-0.287856 -7658.18 0.806457
-0.595053 -8771.62 0.807074
0.0146518 -6970.1 0.802049
0.0221658 -6957.68 0.790189
-0.00215207 -6999.78 0.799738
0.493355 -6495.85 0.793768
-0.848713 -10212.3 0.80554
-0.214216 -7455.69 0.801001
0.275803 -6621.78 0.80242
0.61104 -6492.4 0.79013
-0.418778 -8053.37 0.797123
0.570556 -6488.03 0.790625
-0.156811 -7319.63 0.807539
-0.186284 -7381.19 0.791536
0.664527 -6512.81 0.80287
0.0853829 -6854.87 0.802656
0.420252 -6521.16 0.797913
0.236294 -6663.05 0.795854
-0.158808 -7322.33 0.803237
0.289533 -6612.88 0.791299
0.052147 -6908.19 0.791766
-0.478374 -8262.14 0.795856
-0.0426971 -7073.77 0.788162
-0.243489 -7544.68 0.817471
0.285294 -6612.64 0.803798
-0.195165 -7401.59 0.789956
0.122357 -6802.94 0.792983
0.547549 -6488.08 0.796677
0.507206 -6490.97 0.811647
-0.102155 -7187.62 0.772341
0.0792049 -6862.58 0.814047
-0.217507 -7466.43 0.80446
-0.123516 -7246.69 0.81624
-0.180365 -7371.46 0.799568
0.529267 -6488.54 0.811349
0.539625 -6487.97 0.814021
0.13454 -6784.72 0.799526
0.198994 -6708.95 0.780045
0.0892986 -6850.93 0.790834
0.538963 -6488.21 0.804962
-0.678312 -9096.21 0.788373
-0.153184 -7299.56 0.781138
-0.747884 -9411.54 0.778617
0.434141 -6512.46 0.808374
-0.384053 -7950.36 0.804807
0.00471089 -6987.46 0.810768
0.15423 -6754.01 0.817456
0.438703 -6509.79 0.812076
0.0729794 -6874.17 0.800991
0.558709 -6487.98 0.804442
-0.677828 -9115.68 0.793482
-0.394924 -7988.65 0.806258
0.63349 -6501.08 0.804607
0.156873 -6756.44 0.794115
0.376557 -6542.83 0.805729
0.151013 -6760.78 0.807291
0.527282 -6490.97 0.780771
0.498531 -6495.33 0.78913
-0.423143 -8067.17 0.796529
0.149427 -6761.29 0.813764
0.68665 -6519.38 0.7926
-0.31773 -7742.6 0.804188
-0.288613 -7653.32 0.799577
0.442088 -6511.33 0.798873
-0.138151 -7279.87 0.815933
-0.277087 -7609.58 0.787545
-0.858328 -10297.6 0.807473
0.587177 -6490.46 0.806241
-0.213475 -7446.86 0.790645
-0.510734 -8402.59 0.802971
0.436862 -6513.8 0.797473
-0.396542 -7983.21 0.799657
0.73046 -6548.65 0.795765
0.573087 -6488.73 0.804256
-0.129407 -7252.62 0.795674
-0.576514 -8658.3 0.797403
0.377859 -6543.72 0.799866
-0.218563 -7465.5 0.799231
-0.0128213 -7019.03 0.799391
-0.0833075 -7155.52 0.799015
0.566911 -6488.53 0.809414
-0.115207 -7221.84 0.796063
-0.0146763 -7022.29 0.79571
0.347774 -6565.28 0.794372
0.333856 -6575.21 0.795167
-0.230894 -7510.82 0.817532
0.0016778 -6992.97 0.794662
-0.359062 -7880.87 0.812527
-0.446615 -8162.72 0.803577
0.435428 -6515.67 0.792152
0.748716 -6548.3 0.775855
0.203466 -6701.54 0.787783
-0.0253553 -7041.94 0.796203
0.437847 -6513.34 0.797665
-0.0979262 -7186.68 0.802037
0.0618878 -6891.3 0.803383
0.61512 -6493.84 0.794135
-0.475974 -8273.96 0.805197
0.373451 -6542.24 0.814513
-0.855736 -10252.9 0.804199
0.756676 -6575.29 0.802076
-0.0999119 -7189.91 0.798337
-0.233575 -7506.53 0.802506
-0.578959 -8629.03 0.784634
0.0612096 -6896.27 0.771434
-0.588755 -8692.45 0.791488
0.0175776 -6965.4 0.792149
0.583278 -6490.94 0.816089
0.289278 -6608.92 0.804256
0.00186761 -6992.67 0.785617
0.193242 -6708.93 0.803345
-0.297027 -7663.24 0.786372
0.289214 -6612.75 0.792565
-0.601154 -8790.18 0.804351
-0.288031 -7649.33 0.797256
0.951949 -6862.35 0.793871
0.401954 -6533.1 0.788164
-0.317067 -7732.26 0.797005
0.306626 -6592.95 0.807409
0.219031 -6682.45 0.79317
-0.147384 -7296.58 0.804792
0.417536 -6526.96 0.780774
-0.711628 -9291.08 0.79357
0.609481 -6494.15 0.803297
-0.0610728 -7111.97 0.807492
0.331052 -6578.09 0.792797
0.194844 -6709.74 0.793936
0.469485 -6501.81 0.797447
-0.590571 -8712.15 0.795126
0.951738 -6922.34 0.814597
0.465667 -6503.3 0.796005
-0.169153 -7343.61 0.797149
-0.970559 -11116 0.795475
0.430733 -6517.3 0.793968
0.403599 -6532.35 0.787672
0.4253 -6522.19 0.78444
-0.644632 -8952.8 0.793364
0.46107 -6501.75 0.812301
0.232348 -6668.06 0.793137
-0.0332248 -7057.08 0.80188
-0.568967 -8681.46 0.815477
-0.671476 -9097.88 0.796793
-0.481917 -8286.24 0.800713
-0.859381 -10253.1 0.800808
-0.621593 -8852.03 0.795266
-0.58258 -8678.36 0.795448
0.0576121 -6898.63 0.799118
0.0255452 -6950.88 0.810458
0.206572 -6698.66 0.785568
0.203163 -6694.56 0.812806
-0.423491 -8048.65 0.785632
-0.74519 -9464.19 0.791462
-0.0141718 -7021.62 0.803256
-0.245291 -7538.84 0.804293
-0.46283 -8198.39 0.792568
0.713453 -6543.33 0.806543
-0.348725 -7841.19 0.807495
0.766502 -6584.79 0.802277
-0.170825 -7358.11 0.818042
-0.00922851 -7012.4 0.794521
-0.163221 -7333.31 0.804618
0.973097 -6892.51 0.787004
-0.869428 -10205.9 0.785522
0.0664864 -6884.71 0.798023
-0.0162908 -7025.66 0.807116
-0.370263 -7879.97 0.787335
-0.545183 -8526.83 0.797531
0.511502 -6492.55 0.79005
-0.538431 -8479.44 0.790293
0.170037 -6733.25 0.818557
0.479849 -6497.93 0.802433
-0.492979 -8317.24 0.79606
-0.672497 -9117.92 0.800298
0.144916 -6773.7 0.787335
-0.164546 -7333.91 0.799375
0.580125 -6489.89 0.81022
0.407314 -6524.07 0.81156
-0.558552 -8587.66 0.79935
0.285625 -6617.84 0.786812
-0.258665 -7573.48 0.802729
0.380096 -6545.12 0.790388
0.0374806 -6931.52 0.798124
0.0181263 -6964.65 0.787379
-0.909592 -10567.8 0.793
-0.465514 -8215.11 0.795897
0.238876 -6656.94 0.806769
0.582686 -6489.07 0.796434
-0.212468 -7447.07 0.794711
0.737411 -6546.71 0.785416
0.0868393 -6854.8 0.78961
0.534389 -6488.9 0.796523
0.190176 -6719.56 0.778875
-0.423036 -8051.96 0.788316
-0.00513458 -7005.1 0.797247
0.370927 -6552.19 0.785992
-0.289021 -7657.52 0.802567
0.151096 -6760.91 0.806299
-0.448783 -8143.82 0.790222
0.0789227 -6864.99 0.800953
-0.541269 -8493.86 0.7914
-0.239742 -7520.05 0.799137
-0.674471 -9197.46 0.816304
0.773817 -6597.26 0.807467
-0.0122799 -7017.95 0.795806
-0.0752575 -7139.38 0.800488
-0.266318 -7583.3 0.790545
0.202946 -6696.17 0.80813
0.735224 -6543.99 0.783672
0.530531 -6489.13 0.798589
0.342934 -6564.8 0.807161
-0.551342 -8563.03 0.801284
-0.457174 -8180.37 0.793639
0.668806 -6514.75 0.80267
0.464867 -6505.22 0.787657
0.339597 -6573.62 0.786709
0.161626 -6747.37 0.805647
-0.560758 -8577.77 0.79285
0.12853 -6790.65 0.809957
0.429731 -6515.73 0.802374
0.467615 -6500.15 0.809977
-0.33696 -7784.87 0.791927
-0.415837 -8064.47 0.809011
-0.716968 -9311.93 0.791974
0.848307 -6684.37 0.801639
-0.407457 -8023.22 0.801789
0.0520892 -6908.98 0.785106
-0.212498 -7452.72 0.803049
-0.211196 -7456.76 0.814052
-0.827541 -9909.54 0.783376
0.311622 -6590.67 0.801563
0.241821 -6652.51 0.81114
-0.685225 -9131.65 0.788583
-0.484294 -8329.52 0.815658
-0.598312 -8779.51 0.805017
0.149106 -6766.85 0.792853
0.332344 -6570.2 0.814933
-0.750675 -9543.34 0.800336
-0.0380061 -7066.1 0.800991
-0.175859 -7355.87 0.790349
-0.289157 -7662.45 0.807004
0.545584 -6487.91 0.809802
-0.63283 -8907.47 0.796125
-0.202994 -7427.01 0.800159
0.732256 -6560.38 0.810124
-0.109441 -7207.69 0.789951
-0.00544806 -7005.5 0.784055
0.45125 -6505.47 0.810142
-0.569211 -8656.08 0.806912
-0.412263 -8022.25 0.791884
-0.0279427 -7047.9 0.813846
0.731302 -6554.14 0.80269
0.0729712 -6872.13 0.815522
-0.503537 -8368.23 0.800465
-0.108876 -7209.95 0.801808
0.272462 -6624.44 0.803904
-0.638472 -8946.27 0.799312
0.634045 -6500.58 0.801959
-0.372152 -7921.62 0.811452
-0.0275378 -7046.07 0.797415
0.926212 -6820.32 0.799596
0.960721 -6925.88 0.808113
-0.603167 -8766.5 0.79471
-0.421381 -8034.72 0.781771
-0.0523416 -7093.81 0.801178
0.634657 -6499.36 0.796276
-0.734047 -9435.3 0.797912
0.126593 -6793.19 0.8107
0.44392 -6512.15 0.791953
-0.472959 -8243.34 0.796383
0.515688 -6490.76 0.800503
-0.435675 -8095.33 0.788607
0.780921 -6588.77 0.791604
0.0814685 -6864.37 0.779902
0.35045 -6559.92 0.80571
0.407977 -6531.48 0.782338
-0.609614 -8841.14 0.807805
0.475461 -6501.13 0.791097
-0.367639 -7903.15 0.808857
-0.322763 -7733.21 0.783747
0.0606798 -6895.55 0.784091
0.0761002 -6870.04 0.796207
-0.55546 -8555.58 0.792772
-0.0842499 -7156.21 0.793283
0.345492 -6570.86 0.78186
-0.511404 -8420.39 0.80898
0.892085 -6754.07 0.800062
0.247208 -6649.93 0.801647
-0.387984 -7934.36 0.78649
0.155564 -6758.02 0.794532
0.38281 -6540.3 0.801383
0.100147 -6836.65 0.781734
0.445565 -6511.87 0.790258
0.364437 -6554.32 0.792891
-0.223539 -7481.11 0.803327
0.269586 -6625.61 0.808796
-0.151223 -7301.46 0.795647
-0.295601 -7687.11 0.812807
-0.711732 -9370.77 0.809911
-0.105511 -7199.18 0.789156
0.440977 -6511.41 0.800528
-0.132404 -7262.34 0.804116
-0.24929 -7537.05 0.78922
-0.719987 -9369.25 0.800319
0.733721 -6545.23 0.787153
-0.332229 -7777.46 0.797278
-0.2781 -7627.05 0.80283
-0.474651 -8267.9 0.804708
0.151765 -6762.21 0.797518
0.698602 -6532.64 0.805421
0.155855 -6754.48 0.807051
0.780975 -6583.13 0.785662
-0.0196991 -7031.7 0.800666
0.401568 -6532.45 0.791282
-0.340564 -7798.78 0.794353
-0.639102 -9017 0.816794
0.204127 -6694.86 0.807943
-0.545243 -8541.26 0.80257
-0.275199 -7630.48 0.814871
-0.193744 -7409.65 0.809332
-0.465669 -8216.74 0.796404
-0.493505 -8322.92 0.797629
0.809829 -6617.15 0.789431
0.425352 -6518.66 0.798382
0.660375 -6506.58 0.790271
0.192271 -6716.87 0.77968
-0.263254 -7569.32 0.784054
-0.244478 -7538.22 0.806197
0.315993 -6589.05 0.795512
0.436283 -6516.63 0.786613
-0.506659 -8392.95 0.80555
-0.469012 -8215.27 0.790038
-0.654947 -9089.31 0.814822
-0.306243 -7702.17 0.798214
0.74906 -6562.16 0.794236
0.917689 -6790.08 0.794212
-0.579814 -8690.18 0.802978
-0.922498 -10896.3 0.815944
-0.531628 -8493.11 0.805476
-0.681461 -9251.21 0.819933
-0.544424 -8567.88 0.813171
0.407427 -6526.59 0.80155
-0.00463789 -7004.22 0.798437
-0.145997 -7287.73 0.791133
-0.235326 -7512.76 0.804662
0.298327 -6604.41 0.793658
0.349563 -6557.2 0.816835
-0.0207085 -7033.71 0.803651
-0.334444 -7778.1 0.792502
0.0668916 -6883.57 0.801879
-0.287263 -7644.53 0.794632
-0.424104 -8085.63 0.804841
0.353205 -6557.94 0.805957
-0.37639 -7909.64 0.794373
0.247981 -6649.58 0.800257
0.108671 -6819.47 0.807227
0.569855 -6488.18 0.796679
0.215022 -6683.84 0.803301
0.0859128 -6857.97 0.778643
-0.489608 -8333.19 0.808374
-0.0960501 -7183.17 0.803794
-0.577835 -8654.97 0.794513
0.909865 -6808.81 0.809147
0.13805 -6776.22 0.815585
0.0105884 -6977.42 0.792207
0.417457 -6522.99 0.796013
0.823599 -6650.41 0.802295
0.457193 -6504.77 0.803128
-0.108422 -7214.73 0.821561
-0.792846 -9846.52 0.80783
-0.182105 -7378.24 0.804336
0.0536863 -6905.82 0.79085
-0.254527 -7561.41 0.801693
-0.0149382 -7022.46 0.786698
0.462114 -6505.45 0.791225
-0.30747 -7702.26 0.79511
0.0938384 -6841.57 0.805922
-0.127964 -7251.73 0.802139
-0.402094 -8002.32 0.800067
-0.879793 -10486.8 0.810516
0.107446 -6821.93 0.803699
0.711047 -6539.68 0.803372
-0.361823 -7877.2 0.803758
0.262622 -6637.64 0.7921
0.0500819 -6911.97 0.78714
0.291557 -6607.68 0.80182
0.0278379 -6947.05 0.808658
0.210793 -6688.7 0.802975
-0.377286 -7912.63 0.794468
0.765835 -6572.5 0.789275
0.292779 -6606.8 0.801212
0.924871 -6828.27 0.803958
0.00724118 -6983.07 0.802766
-0.424819 -8066.55 0.79305
-0.584741 -8696.91 0.798313
-0.685309 -9261.25 0.817536
-0.126223 -7248.14 0.802898
-0.507082 -8358.24 0.790799
0.500443 -6492.86 0.804831
-0.292261 -7665.49 0.801363
-0.3371 -7787.11 0.793365
0.154195 -6757.17 0.804983
-0.0773348 -7142.7 0.795902
0.884313 -6701.27 0.778958
0.575013 -6487.97 0.781507
0.514637 -6491.41 0.795475
-0.733949 -9406.49 0.792414
-0.244591 -7532.16 0.798339
0.214382 -6687.51 0.793461
-0.115419 -7220.56 0.790489
-0.870762 -10259.9 0.791202
-0.650278 -8967.71 0.790288
0.154738 -6756.77 0.803776
0.582405 -6489.14 0.797829
-0.811766 -9805.24 0.782614
0.212078 -6689.33 0.796
-0.696258 -9221.63 0.796069
0.145175 -6773.28 0.787651
0.77362 -6594.12 0.80454
-0.555726 -8549.27 0.79021
0.576275 -6488.45 0.794575
-0.733038 -9386.13 0.789401
-0.2159 -7452.44 0.789983
0.0674148 -6881.95 0.807863
-0.472025 -8275.35 0.812565
-0.306723 -7693.92 0.789506
-0.0282189 -7048.22 0.810658
0.684156 -6523.93 0.805338
-0.362475 -7873.02 0.799377
-0.838341 -10109 0.801541
0.435768 -6519.54 0.775832
-0.490529 -8283.14 0.785308
-0.670409 -9161.3 0.812919
-0.670395 -9107.87 0.80044
0.174232 -6734.33 0.794837
-0.430607 -8104.76 0.802924
0.667058 -6514.43 0.803971
-0.0818047 -7152.31 0.798427
0.429119 -6512.25 0.818808
0.0697511 -6881.15 0.786666
0.375892 -6542.37 0.808762
0.319852 -6579.75 0.815178
-0.126786 -7247.82 0.798407
0.711238 -6533.49 0.792623
-0.477957 -8289.79 0.808925
-0.520601 -8423.25 0.795798
-0.515361 -8368.67 0.782278
0.676767 -6523.7 0.813642
-0.082697 -7156.34 0.808769
0.262461 -6633.96 0.804073
0.561498 -6488.11 0.806375
0.0326119 -6938.65 0.812481
-0.715728 -9423.48 0.815982
0.129802 -6788.44 0.811924
0.768756 -6581.91 0.796826
-0.138273 -7272.52 0.79632
0.0057499 -6985.72 0.801501
0.173808 -6731.32 0.807961
0.431797 -6509.48 0.826541
-0.233995 -7505.18 0.799297
-0.0440478 -7077.62 0.800353
-0.738227 -9575.27 0.819739
0.157141 -6757.32 0.789307
-0.0380713 -7064.94 0.786854
-0.115764 -7218.41 0.781284
-0.0477058 -7085.32 0.805847
-0.781494 -9835.89 0.817863
-0.374512 -7904.96 0.79523
0.0905378 -6849.31 0.789533
0.2549 -6644.01 0.79589
-0.304395 -7705.17 0.80578
-0.448195 -8150.99 0.794866
-0.723083 -9400.35 0.803102
0.695228 -6530.81 0.805966
-0.000806163 -6997.36 0.79475
-0.342489 -7823.22 0.808587
-0.728618 -9476.17 0.811773
-0.487249 -8314.58 0.80427
0.352951 -6561.71 0.794151
0.368773 -6552.04 0.791059
0.655693 -6507.85 0.79975
-0.268896 -7596.1 0.796934
0.00744395 -6982.94 0.788599
-0.413562 -8021.45 0.788937
-0.593498 -8788.61 0.814257
-0.564091 -8569.24 0.78528
-0.443841 -8115.94 0.784753
-0.252673 -7559.9 0.805793
0.518457 -6491.27 0.790996
-0.399126 -7984.04 0.794981
0.336655 -6569.87 0.805563
0.434714 -6510.66 0.815487
0.736856 -6551.97 0.793619
-0.048858 -7086.96 0.800642
0.0780122 -6868.66 0.78582
0.257172 -6645.2 0.785145
0.340715 -6567.36 0.804034
-0.325855 -7749.24 0.789645
-0.304957 -7691.29 0.791689
-0.603707 -8861.88 0.821639
0.519765 -6490.98 0.791972
0.460068 -6504 0.802047
0.0732059 -6874.46 0.796481
0.129813 -6789.84 0.805586
-0.105227 -7199.54 0.792566
0.452031 -6509.47 0.789629
0.479785 -6497.88 0.802908
-0.543172 -8561.74 0.812882
-0.150346 -7305.52 0.809729
-0.293056 -7663.69 0.797457
0.0205518 -6959.44 0.81229
-0.276613 -7615.14 0.794727
-0.159844 -7321.66 0.79659
-0.217553 -7465.09 0.802349
0.740004 -6559.79 0.80086
0.190395 -6710.62 0.809355
0.298454 -6602.89 0.798009
0.760215 -6568.59 0.79048
-0.505382 -8368.88 0.797808
-0.568837 -8616.61 0.794504
0.101881 -6833.03 0.787715
-0.403775 -8014.84 0.804156
0.492126 -6495 0.801738
0.344393 -6566.5 0.79823
-0.686478 -9256.26 0.815049
0.38084 -6536.2 0.820286
0.218007 -6678.57 0.809777
-0.243115 -7519.93 0.787898
-0.68151 -9157.99 0.798922
0.512337 -6492.71 0.787381
-0.635698 -8948.85 0.803477
0.376965 -6547.64 0.788412
-0.412315 -8044.15 0.804358
0.477118 -6499.62 0.796864
0.4838 -6494.88 0.816406
-0.192702 -7399.3 0.796155
-0.147961 -7290.95 0.788289
0.291 -6604.41 0.81363
-0.642205 -9015.05 0.812351
-0.341515 -7793.54 0.788087
-0.741827 -9493.66 0.800616
-0.0301299 -7052.31 0.817073
0.0993581 -6834.37 0.800416
-0.317749 -7741.46 0.803159
-0.00118416 -6998.05 0.800555
-0.575379 -8673.17 0.803742
-0.63559 -8912.76 0.794075
0.0711116 -6874.48 0.819758
0.243931 -6653.48 0.801028
0.637886 -6499.68 0.79356
0.547104 -6487.89 0.812907
-0.493803 -8338.27 0.803656
0.739135 -6559.63 0.801593
-0.554238 -8566.7 0.798366
0.100496 -6831.02 0.809522
-0.300689 -7692.76 0.804278
-0.659792 -9090.41 0.809105
-0.736331 -9420.84 0.792638
0.0592949 -6895.56 0.802376
-0.464061 -8213.22 0.7975
0.505887 -6492.4 0.800065
-0.575015 -8657.79 0.799319
0.234377 -6666.22 0.792147
0.520435 -6490.12 0.800427
-0.308672 -7708.13 0.797265
-0.829774 -10015.5 0.796644
0.595529 -6489.72 0.787362
-0.177562 -7369.06 0.807688
-0.00753191 -7009.29 0.79059
-0.665178 -9106.2 0.80632
-0.325238 -7746.63 0.788974
0.488375 -6494.66 0.810404
0.440838 -6512.71 0.794992
-0.607021 -8846.76 0.812858
-0.574036 -8669.44 0.804427
0.613481 -6493.57 0.794612
0.173721 -6733.36 0.80077
0.424269 -6515.51 0.813663
0.0238946 -6954.56 0.794006
-0.761618 -9626.52 0.803633
0.117059 -6807.03 0.808996
0.0307137 -6942.97 0.795782
-0.635503 -8978.07 0.811362
0.752533 -6573.5 0.804413
-0.0380233 -7065.41 0.793089
0.147349 -6770.71 0.786497
-0.375801 -7914.25 0.798688
-0.607625 -8799.31 0.79843
0.551431 -6487.92 0.800464
-0.0403285 -7070.15 0.796994
0.365586 -6553.47 0.793216
-0.213003 -7452.45 0.800741
-0.0775724 -7143.55 0.797754
0.43274 -6514.09 0.803835
0.322288 -6581.09 0.804747
-0.394125 -7980.54 0.802919
-0.124196 -7237.86 0.785869
0.311621 -6590.89 0.800876
0.0505367 -6910.69 0.792549
0.262669 -6632.37 0.808475
0.5633 -6488.67 0.81717
-0.20779 -7434.77 0.793688
-0.159874 -7321.32 0.795712
0.847744 -6705.64 0.815162
0.656446 -6504.7 0.789034
-0.226588 -7490.75 0.805756
0.787977 -6602.5 0.797971
0.408856 -6524.31 0.807571
0.564391 -6487.99 0.797275
-0.675629 -9160.97 0.80656
0.452662 -6506.22 0.803903
0.76916 -6588.22 0.803128
-0.00514788 -7005.08 0.793557
0.260204 -6638.13 0.797918
-0.240516 -7536.35 0.817135
-0.132012 -7259.32 0.798274
0.27084 -6624.57 0.808312
0.347714 -6566.55 0.790445
-0.152262 -7304.15 0.796401
0.147667 -6765.64 0.805516
0.253509 -6642.37 0.805429
-0.387062 -7930.29 0.785754
0.776009 -6589.35 0.797213
-0.498462 -8364.68 0.807147
-0.23597 -7500.96 0.787104
0.56308 -6487.9 0.791208
0.203269 -6693.95 0.814471
-0.551199 -8624.37 0.822568
-0.723916 -9354.08 0.792925
0.0569842 -6900.45 0.791968
-0.378791 -7939.17 0.808711
0.75185 -6556.44 0.783852
-0.599977 -8788.63 0.805471
-0.0890918 -7166.12 0.79323
0.234198 -6667.17 0.789704
0.993811 -6965.31 0.792959
-0.320115 -7754.46 0.8082
-0.812706 -10018.3 0.813786
-0.446366 -8158.92 0.802118
-0.499165 -8360.86 0.804426
-0.47961 -8253.87 0.790091
0.380943 -6537.84 0.814114
0.85949 -6691.52 0.795611
0.282703 -6614.67 0.804793
0.277459 -6621.03 0.799972
0.600836 -6491.83 0.799432
0.777915 -6588.01 0.793873
0.446372 -6507.85 0.80722
-0.272726 -7604.07 0.794266
0.226515 -6671.02 0.803832
-0.372316 -7914.52 0.80634
-0.408728 -8020.53 0.797729
-0.593325 -8781.19 0.812285
-0.266223 -7594.93 0.803655
-0.818681 -9951.41 0.798075
0.209178 -6693.18 0.794063
0.189783 -6714.56 0.798006
-0.698884 -9256.93 0.800727
0.53897 -6488.85 0.790712
0.625921 -6496.92 0.796557
0.590641 -6489.38 0.789824
-0.397689 -7969.87 0.78921
-0.554216 -8617.63 0.81581
0.181331 -6719.19 0.818217
0.100287 -6834.19 0.793965
-0.418324 -8034.09 0.787128
-0.0319734 -7054.08 0.793519
-0.568314 -8636.22 0.801694
-0.0540346 -7096.22 0.794344
-0.0426169 -7072.65 0.778678
-0.302382 -7690.99 0.798151
0.235134 -6662.29 0.802206
0.420326 -6523.06 0.790318
-0.324386 -7737.91 0.783761
0.497141 -6494.49 0.797345
0.395324 -6530.01 0.812871
0.350709 -6565.9 0.785758
-0.670882 -9107.27 0.799717
-0.0890064 -7166.45 0.795443
0.624428 -6497.19 0.799727
-0.737873 -9539.07 0.813428
-0.247874 -7553.31 0.81345
-0.00335845 -7001.94 0.799986
-0.566119 -8621.21 0.799844
-0.769827 -9744.59 0.815193
-0.570863 -8661.79 0.806428
-0.340527 -7789.98 0.787607
0.358966 -6557.39 0.794819
0.776682 -6610.21 0.816826
0.140493 -6776.16 0.801651
-0.500863 -8355.96 0.799674
-0.773024 -9662.33 0.797933
0.108514 -6824.36 0.783427
0.37669 -6539.74 0.816396
-0.49685 -8359.46 0.807592
-0.213447 -7462.35 0.813736
0.266445 -6634.48 0.79044
0.112332 -6815.39 0.801179
-0.585804 -8712.95 0.801844
-0.416121 -8015.75 0.78082
-0.770701 -9748.35 0.814898
0.667548 -6513.93 0.802125
0.0576562 -6896.69 0.81537
-0.833177 -10042.8 0.797266
0.047644 -6913.88 0.807735
0.812121 -6619.14 0.788892
0.436791 -6516.33 0.78691
0.427162 -6520.23 0.788694
0.410971 -6521.09 0.816239
0.384824 -6541.78 0.792036
0.25175 -6649.53 0.788438
-0.164879 -7336.54 0.803222
-0.954008 -10879.2 0.787354
-0.514228 -8370.65 0.784795
-0.332671 -7776.25 0.79525
0.216216 -6684.38 0.797079
0.23666 -6656.64 0.815322
0.642283 -6499.22 0.786246
0.412847 -6521.5 0.810887
-0.419685 -8074.94 0.807404
0.946416 -6851.92 0.794672
0.448819 -6503.68 0.823854
-0.397657 -7983.15 0.797377
0.212912 -6691.73 0.78491
-0.666742 -9092.7 0.801218
0.394682 -6535.02 0.795743
0.512073 -6491.49 0.798693
0.278511 -6621.66 0.795006
0.207096 -6692.84 0.803176
0.803447 -6631.55 0.807726
0.137742 -6783.47 0.786281
0.384706 -6541.58 0.792957
-0.337619 -7808.75 0.809044
-0.374057 -7926.75 0.810729
-0.253851 -7561.07 0.803437
-0.375703 -7917.48 0.80104
-0.51203 -8397.07 0.798743
0.0691955 -6879.7 0.803719
-0.371764 -7880.62 0.784598
0.228882 -6672.39 0.791104
0.743228 -6559.86 0.797479
-0.510796 -8382.7 0.794916
-0.133084 -7262.6 0.800708
-0.521993 -8453.26 0.80522
-0.65557 -8963.68 0.782888
0.321744 -6582.21 0.802567
0.390766 -6533.78 0.808255
0.472731 -6503.11 0.78508
0.700088 -6536.12 0.809889
-0.282807 -7644.54 0.807164
0.059286 -6895.38 0.803985
0.322373 -6579.68 0.809026
0.43072 -6514.72 0.804875
-0.281472 -7627.22 0.793377
0.221366 -6678.94 0.796258
0.468464 -6502.08 0.79772
-0.633505 -8890.01 0.790596
-0.370797 -7890.42 0.793332
0.266934 -6630.43 0.801598
-0.365188 -7891.76 0.806444
-0.0805597 -7149.94 0.799282
-0.477197 -8267.45 0.800211
-0.569671 -8607.09 0.790199
-0.0498872 -7088.85 0.799763
-0.0399757 -7069.81 0.800445
0.053239 -6903.94 0.815025
-0.204953 -7436.72 0.807719
0.0434994 -6921.85 0.795156
-0.225741 -7481.05 0.795411
0.0698626 -6878.78 0.802758
0.652948 -6510.55 0.810923
0.196926 -6702.94 0.809047
0.130881 -6788.85 0.803385
-0.13294 -7264.31 0.806173
0.802266 -6647.69 0.821567
0.362613 -6551.46 0.806479
-0.0332812 -7057.11 0.800944
0.323705 -6579.96 0.804832
0.855855 -6676.51 0.789593
-0.00905397 -7012.1 0.795201
-0.019167 -7030.54 0.796772
0.141344 -6774.75 0.802788
0.679034 -6525.58 0.814836
-0.17431 -7361.28 0.807809
0.27372 -6619.1 0.817018
0.0939777 -6842.56 0.799072
0.869642 -6717.93 0.801589
-0.580092 -8668.47 0.795721
-0.780886 -9747.91 0.804197
-0.163671 -7338.72 0.813685
0.0437053 -6920.77 0.803445
0.313641 -6591.16 0.794896
-0.0534185 -7095.12 0.79505
-0.444728 -8137.61 0.794272
0.564009 -6487.99 0.797643
0.208337 -6697.18 0.783843
-0.674399 -9103.68 0.794703
0.777711 -6616.38 0.821344
0.348745 -6562.53 0.801049
-0.236184 -7519.8 0.81085
-0.177622 -7359.14 0.788696
-0.149799 -7299.18 0.797905
-0.070044 -7130.31 0.808837
-0.0654014 -7118.94 0.796883
0.168055 -6744.35 0.786118
-0.614217 -8913.95 0.822036
0.310935 -6592.4 0.797931
-0.747534 -9555.79 0.805981
0.607016 -6493.59 0.803201
0.596129 -6490.35 0.793105
-0.142974 -7275.89 0.778529
0.0162472 -6967.74 0.790378
0.157285 -6753.79 0.802434
0.0119053 -6974.89 0.801903
0.227206 -6675.89 0.785598
0.283134 -6615.2 0.801908
0.57291 -6489.11 0.810598
0.270279 -6628.03 0.799136
-0.471144 -8226.58 0.791715
-0.607529 -8807.67 0.800972
-0.74199 -9448.56 0.791902
-0.487354 -8261.85 0.781064
0.707148 -6542.96 0.813152
-0.500686 -8359.15 0.801278
-0.535322 -8476.74 0.793886
0.69285 -6522.89 0.793065
-0.725572 -9431.97 0.806578
-0.927769 -10733.2 0.794914
0.743325 -6557.13 0.793765
-0.759009 -9568.44 0.79607
0.766949 -6579.44 0.795987
-0.52096 -8441.96 0.802474
0.283341 -6620.63 0.784584
-0.0610772 -7109.59 0.791689
0.0439371 -6919.92 0.808689
-0.607925 -8756.21 0.785471
0.703864 -6533.22 0.80045
0.671201 -6518.23 0.808199
-0.757951 -9570.22 0.797501
0.243406 -6655.08 0.797667
0.124579 -6799.73 0.79355
0.173995 -6740.57 0.773037
0.482787 -6494.32 0.822346
0.546636 -6488.12 0.796738
0.144727 -6775.22 0.78209
-0.00525261 -7005.54 0.817258
-0.367329 -7865.54 0.783621
-0.484772 -8334.63 0.817059
-0.177425 -7363.07 0.79701
-0.793869 -9779.05 0.796068
0.201037 -6695.78 0.817142
0.851568 -6698.58 0.807304
-0.767786 -9587.96 0.790421
-0.0258439 -7043.36 0.804836
0.00963417 -6979.22 0.785623
-0.687915 -9291.34 0.820982
0.0359521 -6934.67 0.789927
0.194055 -6704.8 0.814453
0.25456 -6645.44 0.792462
-0.209806 -7448.77 0.807371
0.675163 -6512.09 0.788366
0.433104 -6514.26 0.802412
-0.10497 -7201.95 0.803117
-0.582451 -8708.66 0.805123
0.426003 -6520.72 0.788887
-0.265023 -7575.7 0.78595
0.020919 -6959.81 0.789825
-0.579528 -8702.05 0.807109
-0.727247 -9426.7 0.803689
-0.350352 -7830.6 0.795913
0.209765 -6694.3 0.788101
0.0610964 -6895.06 0.782835
-0.194403 -7394.04 0.780314
-0.56917 -8627.87 0.797747
-0.597514 -8703.36 0.783213
-0.757303 -9520.52 0.78918
0.00543545 -6986.19 0.808427
0.146713 -6765.41 0.811729
-0.318083 -7733.31 0.795358
0.185655 -6712.65 0.822655
0.688801 -6518.24 0.787567
-0.962082 -10946.9 0.787116
-0.323182 -7753.09 0.799392
-0.113815 -7215.29 0.784474
-0.620592 -8772.99 0.774253
0.591684 -6490.96 0.804653
-0.817449 -9968.29 0.801767
-0.249181 -7550.26 0.805525
0.214961 -6685.72 0.797256
-0.684171 -9268.48 0.820483
0.19084 -6705.65 0.825143
-0.501299 -8412.01 0.821902
-0.666514 -9057.84 0.793128
-0.476842 -8231.87 0.784673
-0.386484 -7940.7 0.793592
-0.506204 -8362.88 0.794068
-0.392053 -7969.82 0.800521
0.19104 -6712.18 0.801131
-0.339966 -7813.02 0.806752
-0.00522414 -7005.15 0.78824
-0.329802 -7764.8 0.792888
-0.162465 -7325.4 0.791665
0.324888 -6579.68 0.802767
0.113083 -6812.99 0.807759
-0.028604 -7047.48 0.788775
0.104431 -6829.42 0.787408
-0.365077 -7874.11 0.794439
0.457725 -6507.25 0.790038
0.126094 -6799.01 0.78733
0.537646 -6488.09 0.810903
-0.288947 -7669.31 0.814278
0.249081 -6654.46 0.781429
-0.650882 -9028.63 0.804921
0.796328 -6615.35 0.80124
0.0888242 -6848.56 0.809254
-0.601461 -8859.64 0.824067
0.135628 -6781.31 0.807917
0.0157967 -6968.4 0.793484
0.625642 -6497.58 0.799978
0.721374 -6547.67 0.80433
0.072173 -6876.02 0.796752
-0.450895 -8164 0.796586
0.0108966 -6976.22 0.82043
-0.172227 -7346.1 0.787834
-0.809511 -10003.3 0.814795
-0.642557 -9021.06 0.813431
-0.0856255 -7160.33 0.799223
0.613041 -6492.18 0.786051
-0.12246 -7239.26 0.801184
0.936658 -6880.99 0.813572
-0.275706 -7620.92 0.803396
0.295117 -6599.8 0.8168
-0.401862 -8013.05 0.806923
0.185765 -6721.52 0.790388
0.336453 -6575.93 0.786797
0.628755 -6499.59 0.804705
-0.62867 -8881.34 0.794324
0.105284 -6827.26 0.792288
-0.23844 -7511.45 0.792469
0.0960334 -6842.93 0.779898
-0.0855326 -7160.36 0.800188
0.271808 -6628.85 0.792102
-0.403921 -8004.34 0.797648
-0.111096 -7215.07 0.802953
-0.170736 -7349.45 0.801354
0.631145 -6497.3 0.791753
0.0592086 -6896.63 0.794425
-0.137675 -7271.31 0.796631
0.855018 -6697.66 0.803493
-0.330273 -7767.88 0.794257
-0.339532 -7804.16 0.800938
0.0117235 -6975.33 0.797394
0.288369 -6611.43 0.798977
-0.0200558 -7033.09 0.81655
-0.306321 -7687.14 0.784389
0.192737 -6707.82 0.809346
0.253505 -6644.68 0.798159
0.209346 -6687.56 0.812399
-0.784942 -9676.64 0.788223
0.854231 -6705.09 0.808648
0.494116 -6493.5 0.809834
0.379176 -6545.3 0.791698
0.381271 -6541.42 0.800677
-0.219519 -7468.45 0.799992
-0.753659 -9592.28 0.806013
0.230179 -6669.64 0.795473
-0.650009 -8964.94 0.789909
-0.292487 -7667.23 0.802418
-0.170865 -7353.48 0.808719
-0.552794 -8595.04 0.810207
0.140513 -6775.06 0.806209
-0.301798 -7711.99 0.818947
0.38918 -6537.56 0.797854
-0.145314 -7295.34 0.813261
0.824915 -6660.34 0.808134
0.469188 -6499.66 0.810074
0.49216 -6494.7 0.803839
-0.764739 -9598.35 0.795406
0.446183 -6508.49 0.804537
0.689825 -6523.18 0.79715
-0.824288 -9968.11 0.795089
0.108601 -6822.64 0.791563
-0.805761 -9891.42 0.80179
0.615182 -6497.71 0.814173
-0.130258 -7252.61 0.790437
0.705007 -6537.03 0.805796
-0.052223 -7093.71 0.802225
0.63435 -6501.1 0.803581
-0.248352 -7539.84 0.795598
-0.402727 -7977.92 0.784189
0.206656 -6691.19 0.810534
0.155688 -6753.67 0.811142
0.380635 -6540.55 0.805078
-0.381385 -7931.2 0.798043
0.493623 -6493.89 0.807593
-0.74483 -9529.19 0.804002
0.416614 -6523.82 0.794418
0.269427 -6626.76 0.805642
-0.198846 -7423.51 0.811158
0.505723 -6492.1 0.803005
0.710258 -6529.93 0.787289
-0.728605 -9384.89 0.79396
0.467477 -6502.51 0.797072
0.0212026 -6958.78 0.80176
-0.178369 -7367.31 0.80076
0.0195149 -6962.28 0.7876
-0.379657 -7953.42 0.816101
-0.176349 -7360.13 0.796277
0.489303 -6494.83 0.807575
-0.901754 -10390.6 0.779645
0.492555 -6494.04 0.808154
-0.330276 -7772.07 0.79764
0.53357 -6488.79 0.7997
0.219171 -6685.43 0.782904
-0.084404 -7156.31 0.792281
0.743795 -6565.43 0.804009
0.360888 -6554.48 0.800158
0.596598 -6492.95 0.813081
0.190242 -6712.64 0.802853
-0.478551 -8276.95 0.802201
-0.469213 -8260.66 0.810718
0.511427 -6492.06 0.794475
-0.698519 -9267.43 0.803403
-0.590936 -8725.08 0.798593
-0.329179 -7760.86 0.791177
-0.645119 -8962.61 0.795296
-0.305143 -7675.93 0.777154
-0.43377 -8101.48 0.795335
-0.146337 -7303.67 0.827501
0.210626 -6688.44 0.804491
0.426639 -6518.87 0.795111
0.220988 -6681.28 0.789968
0.62257 -6496.32 0.797963
-0.0393227 -7069.95 0.815264
0.477649 -6498.78 0.800973
0.426288 -6511.95 0.825605
-0.635679 -8979.15 0.811418
-0.130899 -7251.23 0.782765
-0.257789 -7557.76 0.787325
0.428573 -6517.49 0.797193
-0.34344 -7839.09 0.818338
-0.480682 -8295 0.806646
0.485077 -6499.39 0.785138
0.53359 -6488.59 0.803549
-0.233579 -7503.5 0.798506
-0.203852 -7436.45 0.811667
0.0793166 -6866.66 0.785997
0.509401 -6490.95 0.808365
0.810512 -6638.57 0.806233
-0.160635 -7331.16 0.812999
-0.280876 -7628.53 0.796408
0.221719 -6672.38 0.816695
-0.57836 -8634.13 0.787095
-0.218922 -7468.83 0.802705
0.263192 -6635.01 0.798568
0.169298 -6744.11 0.781236
-0.119218 -7228.17 0.788866
0.234451 -6661.94 0.805702
-0.541396 -8502.23 0.79425
0.214956 -6680.19 0.815805
0.274463 -6628.44 0.785699
-0.466923 -8229.36 0.800171
-0.653345 -8981.1 0.78997
0.255783 -6642.45 0.798015
-0.549318 -8554.1 0.801118
-0.335651 -7777.1 0.788867
0.333162 -6577.2 0.790573
-0.226809 -7471.96 0.779127
-0.925423 -10764.9 0.800189
-0.968715 -11202.8 0.804531
0.36627 -6549.96 0.803474
-0.74846 -9527.84 0.799856
-0.82588 -9988.99 0.796587
-0.204442 -7432.02 0.802364
0.279572 -6617.48 0.804974
-0.188068 -7389.94 0.799411
0.0922415 -6844.13 0.804958
0.490644 -6495.73 0.79902
0.791093 -6616.49 0.807545
0.654306 -6506.85 0.798418
-0.318483 -7735.21 0.795988
-0.284041 -7625.1 0.784062
-0.27124 -7621.17 0.816892
0.344093 -6563.61 0.808338
0.330547 -6577.42 0.796119
-0.184907 -7383.52 0.801615
0.761313 -6574.83 0.796663
-0.243847 -7538.77 0.808969
0.538848 -6488.52 0.797337
0.165513 -6748.59 0.78211
0.709344 -6524.59 0.778065
0.132817 -6787.57 0.797315
0.31364 -6588.07 0.804559
-0.634888 -8903.03 0.792358
0.482144 -6498.93 0.792605
0.81151 -6635.56 0.802885
0.837113 -6650.09 0.789107
-0.219015 -7464.18 0.795698
0.0164449 -6966.89 0.804712
0.021954 -6956.31 0.827028
0.732073 -6544.88 0.788403
0.487538 -6499.23 0.78205
-0.0235182 -7037.61 0.779242
-0.316213 -7743.28 0.808622
-0.415603 -8078.62 0.817393
-0.0624591 -7113.02 0.796345
0.385286 -6538.62 0.802147
0.724052 -6553.37 0.809647
-0.720439 -9363.49 0.798654
-0.275618 -7620.35 0.803055
-0.650692 -9031.9 0.805972
0.121393 -6804.64 0.791328
0.0224617 -6956.68 0.800563
-0.0628744 -7114.65 0.801536
0.750409 -6580.92 0.815196
-0.0284446 -7048.12 0.802813
0.199601 -6704.81 0.791792
-0.641713 -8888.46 0.780071
0.385932 -6539.13 0.798995
0.351796 -6558.85 0.806153
0.69243 -6528.25 0.804335
-0.514616 -8416.99 0.802594
0.332936 -6575.06 0.797867
0.385565 -6542.22 0.788994
-0.314673 -7731.33 0.802269
0.0595847 -6894.56 0.806869
0.757453 -6568.73 0.793533
0.0945533 -6838.73 0.816082
-0.0871699 -7166.41 0.812026
0.0067915 -6984 0.793687
0.572427 -6488.71 0.804913
-0.480382 -8276.86 0.799102
0.673116 -6514.41 0.796698
0.280046 -6617.25 0.804334
-0.207637 -7430.43 0.787564
0.210645 -6689.76 0.799962
0.400099 -6530.7 0.800603
0.638893 -6500.88 0.797032
-0.0686535 -7122.77 0.781454
0.47681 -6499.15 0.800164
0.247937 -6650.67 0.796944
-0.761886 -9501.96 0.781055
0.188554 -6711.53 0.813996
0.154055 -6761.37 0.789017
-0.122413 -7236.1 0.792038
-0.438136 -8104.59 0.78904
-0.51513 -8414.43 0.800785
-0.247115 -7531.51 0.789391
-0.120759 -7233.49 0.794968
0.0109827 -6976.37 0.807698
0.334609 -6576.84 0.788261
0.538039 -6488.36 0.80228
0.585748 -6490.28 0.806429
0.439214 -6512.04 0.800928
0.485236 -6496.64 0.801761
0.157557 -6756.56 0.790194
-0.26008 -7582.55 0.808661
-0.76542 -9617.74 0.798105
0.554707 -6487.91 0.804793
0.369403 -6545.83 0.810787
0.592683 -6490.98 0.803531
-0.15256 -7305.29 0.797443
0.0953771 -6840.46 0.799232
-0.364238 -7894.06 0.810135
0.758817 -6569.98 0.793602
-0.25218 -7558.61 0.805845
-0.683173 -9176.96 0.801281
0.0440999 -6921.01 0.79359
0.429866 -6515.24 0.804202
0.158992 -6751.92 0.801131
0.227127 -6674.38 0.790742
-0.335322 -7800.8 0.808352
-0.825162 -10128.4 0.817034
0.7323 -6562.72 0.813146
0.0146912 -6969.48 0.819172
0.419134 -6524.74 0.786114
-0.711216 -9333.69 0.802888
-0.0225554 -7037.08 0.802448
0.0239307 -6953.39 0.815836
-0.126842 -7243.17 0.784725
-0.145678 -7289.55 0.797255
-0.602645 -8755.16 0.792043
0.561725 -6487.9 0.793311
-0.118117 -7228.92 0.798544
-0.0339436 -7059.22 0.811578
0.0217441 -6958.41 0.789897
0.250525 -6643.6 0.811099
0.519001 -6490.81 0.794858
0.385739 -6539.52 0.798026
0.0989471 -6837.27 0.787812
-0.283646 -7636.55 0.796731
0.304462 -6597.03 0.800313
0.445706 -6509.21 0.802015
-0.610134 -8814.63 0.79955
-0.633891 -8840.87 0.776794
0.530822 -6490.11 0.784825
0.658446 -6506.4 0.792019
-0.388081 -7984.21 0.817711
0.469964 -6502.68 0.791985
-0.236616 -7507.83 0.793888
-0.275993 -7626.69 0.808581
-0.280851 -7624.31 0.79215
-0.339174 -7791.96 0.792295
-0.212134 -7447.96 0.797287
0.731185 -6536.64 0.776301
0.294069 -6606.1 0.799887
0.429351 -6515.3 0.804913
0.255372 -6643.62 0.795631
-0.853927 -10087.7 0.78402
0.177128 -6732.49 0.788548
-0.795643 -9743.21 0.78852
0.447291 -6507.44 0.807547
-0.173358 -7351.84 0.793893
0.307703 -6588.11 0.819972
0.463408 -6501.69 0.808575
0.2181 -6683.66 0.792553
-0.47355 -8256.21 0.801267
-0.238437 -7518.17 0.801095
0.158955 -6753.19 0.796363
0.358119 -6557.36 0.796794
-0.132304 -7261.29 0.801868
0.333011 -6568.97 0.817328
-0.101631 -7197.29 0.812252
0.474865 -6498.05 0.810133
0.503665 -6491.44 0.812531
0.612698 -6494.23 0.799539
0.726834 -6530.49 0.770331
0.117333 -6808.24 0.801275
0.21496 -6686.91 0.793315
-0.125561 -7244.26 0.795907
-0.565472 -8621.09 0.80072
0.484923 -6495.73 0.808441
-0.368683 -7856.37 0.774378
0.455193 -6505.72 0.801908
-0.346752 -7843.97 0.814161
-0.340651 -7818.12 0.809046
0.141065 -6775.06 0.80306
-0.379643 -7925.88 0.798228
-0.664619 -9089.89 0.803103
-0.617657 -8865.87 0.804193
-0.469736 -8259.07 0.809086
-0.576553 -8663.47 0.799006
-0.318899 -7745.16 0.803414
-0.52138 -8399.69 0.785442
-0.30558 -7696.25 0.794577
0.737699 -6565.53 0.810782
-0.525047 -8422.68 0.788838
-0.0251198 -7042.03 0.80521
0.793288 -6604.89 0.794858
-0.153416 -7309.22 0.80191
0.0744607 -6873.05 0.792791
-0.120812 -7237.26 0.806056
0.814627 -6626.06 0.792203
0.728191 -6542.61 0.789102
0.104741 -6825.18 0.807295
-0.134154 -7264.63 0.799737
0.143942 -6772.01 0.79971
0.0655869 -6884.54 0.810258
0.546717 -6488.06 0.79883
-0.550384 -8506.62 0.78284
0.058023 -6897.63 0.802072
0.297589 -6603.82 0.797441
0.136642 -6778.9 0.812345
-0.540485 -8519.32 0.801762
-0.485973 -8313.85 0.806067
-0.164967 -7336 0.801676
0.437382 -6515.45 0.789524
0.57228 -6488.01 0.787309
0.440537 -6512.69 0.795663
0.385833 -6536.24 0.809552
-0.457457 -8220.69 0.812589
-0.291622 -7661.4 0.799163
-0.429199 -8086.17 0.795578
-0.559827 -8645.26 0.816853
-0.487447 -8330.82 0.810941
-0.323598 -7765.07 0.80831
-0.625346 -8897.11 0.802843
-0.678933 -9136.56 0.797026
0.468875 -6504.48 0.784593
-0.285733 -7658.07 0.81234
0.349992 -6561.13 0.802753
0.240039 -6655.28 0.808225
-0.292025 -7677.77 0.813828
0.152655 -6757.59 0.811398
0.246257 -6654.97 0.78878
0.0821593 -6859.75 0.802782
-0.528449 -8478.99 0.805052
0.248668 -6647.95 0.80323
-0.329656 -7770.69 0.798019
-0.153345 -7312.11 0.808826
-0.235458 -7508.9 0.799187
-0.242564 -7526.73 0.798224
0.580933 -6489.09 0.799095
-0.71434 -9355.09 0.80376
0.0463917 -6915.82 0.808999
0.451634 -6509.13 0.791843
-0.410158 -8047.26 0.810374
-0.493564 -8332.49 0.801599
-0.11391 -7212.28 0.774006
-0.0621674 -7112.13 0.794298
-0.246232 -7545 0.808751
0.34938 -6564.68 0.792654
-0.294862 -7685.42 0.813243
0.140247 -6773.08 0.816185
0.0755349 -6871.26 0.793793
-0.825645 -9983.38 0.796001
-0.471515 -8230.22 0.792775
0.603855 -6490.63 0.785608
0.312629 -6591.09 0.797692
-0.719685 -9465.19 0.819706
-0.619369 -8899.22 0.811168
-0.672316 -9101.41 0.796631
0.482798 -6497.6 0.799609
0.096988 -6841 0.782941
0.0966988 -6841.15 0.784458
-0.258926 -7569.94 0.797871
0.107206 -6819.45 0.818366
-0.544336 -8545.96 0.805574
0.873034 -6721.34 0.800354
0.468606 -6498.58 0.817625
0.821018 -6640.03 0.79704
-0.703469 -9241.59 0.792214
-0.0711593 -7132.3 0.80728
-0.730648 -9359.36 0.786671
-0.786294 -9639.21 0.780565
-0.657142 -9015.92 0.794103
0.550238 -6487.89 0.807968
0.374176 -6546.29 0.798878
-0.346436 -7824.5 0.800338
0.109925 -6817.82 0.806377
0.536227 -6488.82 0.795168
0.5084 -6493.51 0.787055
0.616677 -6497.68 0.812081
0.441272 -6515.1 0.784032
0.0286727 -6946.49 0.794252
0.509916 -6492.14 0.796066
-0.145365 -7297.59 0.818411
-0.688427 -9271.58 0.816084
-0.434895 -8124.81 0.805548
-0.7055 -9225.61 0.786499
0.313859 -6584.14 0.816489
0.17154 -6737.85 0.794164
-0.552289 -8565.47 0.800758
0.508801 -6491.84 0.800538
0.259166 -6638.32 0.800494
-0.148129 -7300 0.808825
0.081023 -6862.35 0.797236
-0.659075 -9046.48 0.799302
0.0506696 -6907.81 0.818523
0.182511 -6723.69 0.79666
-0.3435 -7799.28 0.787944
0.0678873 -6881.95 0.802278
-0.0595263 -7107.84 0.800417
-0.107512 -7207.6 0.80381
-0.0862605 -7161.91 0.800427
0.0868786 -6852.01 0.806265
-0.644524 -8973.48 0.798827
-0.155463 -7307.44 0.787378
0.116999 -6809.72 0.796442
0.0785674 -6864.71 0.806452
0.00511234 -6986.81 0.80493
0.127628 -6793.25 0.803852
-0.117228 -7225.18 0.792868
-0.72881 -9358.64 0.788512
0.742529 -6558.37 0.796274
0.404097 -6530.95 0.79178
-0.21565 -7454.82 0.794401
-0.821465 -10030 0.806789
-0.119083 -7233.71 0.806856
-0.41272 -8061.88 0.813654
0.517947 -6490.27 0.802484
-0.899114 -10562.1 0.801607
-0.762871 -9546.64 0.788135
0.289328 -6608.72 0.804758
-0.176707 -7362.28 0.798756
-0.157488 -7314.67 0.793173
0.256048 -6645.64 0.787238
-0.12746 -7252.1 0.806338
-0.584332 -8732.2 0.809818
0.310467 -6592.35 0.799281
-0.450989 -8189.76 0.809147
-0.3242 -7752.66 0.796519
0.345632 -6569.6 0.785483
-0.731567 -9483.27 0.809861
0.431914 -6512.55 0.812141
-0.591411 -8786.53 0.81651
0.00685255 -6983.9 0.793452
0.245608 -6653.09 0.796794
0.30191 -6599.17 0.80037
0.187515 -6717.1 0.798617
0.459818 -6501.65 0.815089
-0.562013 -8605.38 0.800393
-0.863824 -10182.1 0.787526
0.191463 -6711.07 0.803276
0.41926 -6522.32 0.795233
0.411139 -6520.28 0.819226
-0.452874 -8170.01 0.796076
-0.717665 -9390.62 0.807213
0.522429 -6490.97 0.788038
-0.588143 -8721.96 0.801429
-0.0877394 -7164.01 0.796159
0.305672 -6591.05 0.815953
0.5829 -6488.43 0.785137
0.0192161 -6962.08 0.804683
-0.108696 -7212.3 0.811173
-0.164056 -7334.18 0.802329
-0.122838 -7245.06 0.815916
-0.774012 -9636.19 0.792432
-0.0878078 -7164.27 0.796682
-0.842222 -10160.5 0.804831
-0.307475 -7701.75 0.794638
-0.196853 -7403.96 0.787119
-0.16665 -7331.53 0.784401
0.759629 -6568.15 0.79057
0.099554 -6832.61 0.80846
0.0921763 -6844.74 0.80198
-0.369187 -7905.99 0.807399
0.847208 -6673.52 0.795701
-0.57959 -8714.25 0.810847
0.771546 -6567.39 0.777451
-0.157565 -7319.48 0.803341
-0.861452 -10321.5 0.807548
0.380467 -6540.32 0.806254
-0.0285585 -7047.89 0.796079
0.264872 -6636.78 0.788023
-0.523639 -8444.68 0.79941
-0.0636427 -7115.14 0.794932
0.202579 -6694.75 0.814493
0.0909101 -6845.06 0.811292
-0.301676 -7695.67 0.804328
-0.118037 -7226.47 0.791452
-0.801216 -9825.09 0.796042
-0.416641 -8000.29 0.770967
0.097252 -6840.85 0.781637
0.0910884 -6847.65 0.794498
0.538466 -6488.11 0.809129
0.394172 -6534.55 0.798471
0.17114 -6734.67 0.807929
0.383905 -6540.91 0.79697
-0.549585 -8507.51 0.784296
-0.779181 -9717.29 0.800873
-0.660149 -9123.35 0.816562
-0.105402 -7209.3 0.825935
0.46341 -6505.06 0.790937
-0.156214 -7310.96 0.791421
-0.271837 -7606.91 0.799906
-0.356846 -7858.61 0.801674
-0.543847 -8497 0.788782
-0.366881 -7884.38 0.797638
0.403243 -6528.1 0.8041
-0.0604555 -7110.68 0.807129
-0.221033 -7472.6 0.800395
-0.142631 -7284.06 0.800696
0.0369081 -6931.4 0.812084
0.00303728 -6990.44 0.81438
-0.184021 -7374.39 0.788997
-0.102774 -7192.76 0.786616
-0.482643 -8283.73 0.798399
-0.377248 -7928.81 0.805222
-0.147728 -7289.31 0.785625
0.419021 -6519.16 0.808366
0.0295733 -6944.58 0.800708
-0.214467 -7461.35 0.808399
0.469415 -6500.79 0.803218
0.0127652 -6973.33 0.803982
0.51842 -6491.25 0.791236
-0.576226 -8647.33 0.794274
0.464711 -6502.06 0.804269
-0.674406 -9087.93 0.790987
-0.253702 -7547.74 0.788187
-0.190801 -7393.81 0.794648
-0.130612 -7256.21 0.798256
0.540583 -6488.06 0.807765
0.450134 -6508.37 0.798051
0.0737416 -6871.9 0.808582
0.735016 -6554.55 0.799204
-0.386027 -7925.67 0.784891
-0.511857 -8417.45 0.807102
0.417552 -6522.81 0.796555
0.670727 -6517.07 0.806019
0.23907 -6658.59 0.800822
0.17259 -6736.78 0.793316
-0.381808 -7948.59 0.808397
0.204744 -6695.24 0.804217
-0.606213 -8820.81 0.806502
0.0468123 -6916.16 0.798241
-0.0791841 -7146.63 0.79677
-0.545876 -8542.61 0.802115
-0.754559 -9531.21 0.794005
0.264612 -6635.49 0.79278
0.717111 -6544.21 0.803812
0.685134 -6512.43 0.777757
-0.749706 -9593.37 0.810458
-0.350629 -7842.83 0.804316
-0.528727 -8487.32 0.807737
-0.0108715 -7015.57 0.802822
0.410589 -6528.7 0.787482
-0.495232 -8370.71 0.81492
-0.368787 -7922.41 0.819386
0.494185 -6492.35 0.819475
0.818063 -6646.43 0.804764
0.482736 -6497.71 0.799045
0.0309251 -6943.07 0.788896
-0.482934 -8304.88 0.807217
0.454203 -6509.86 0.784065
0.525095 -6488.52 0.81811
0.0821986 -6860.48 0.797748
0.30435 -6598.42 0.796294
0.0971317 -6835.63 0.811689
0.480699 -6497.83 0.801644
0.61911 -6494.88 0.794918
0.772371 -6596.54 0.808257
0.24339 -6648.66 0.818332
0.53532 -6489.8 0.781981
-0.401045 -7975.74 0.78616
-0.0152776 -7023.39 0.795628
-0.561646 -8611.29 0.802899
-0.240906 -7515.44 0.789429
0.792359 -6625.47 0.813976
-0.576643 -8685.38 0.805871
-0.0952265 -7178.52 0.792134
0.736094 -6547.92 0.788604
0.603621 -6492.88 0.803162
-0.582842 -8680.39 0.795728
-0.13301 -7260.1 0.794406
0.0549854 -6903.51 0.792997
-0.401564 -8005.53 0.803043
0.00896205 -6980.29 0.789583
-0.0609805 -7112.27 0.810656
-0.146534 -7287.99 0.78886
0.726047 -6546.2 0.796946
-0.555894 -8592.34 0.804768
0.612643 -6491.84 0.784095
-0.443381 -8162.79 0.809476
0.283578 -6617.75 0.792757
-0.0297218 -7050.2 0.798169
-0.676804 -9064.86 0.782735
0.0359997 -6933.65 0.802565
-0.233699 -7503.21 0.79772
-0.139952 -7277.41 0.799202
-0.325919 -7744.21 0.785319
-0.149322 -7300.79 0.804207
-0.0182145 -7029.05 0.802863
0.013274 -6972.43 0.804486
-0.340904 -7804.47 0.79795
0.914552 -6823.84 0.811233
0.235146 -6663.23 0.799159
0.335297 -6568.52 0.813219
0.515638 -6490.95 0.798571
0.432545 -6513.13 0.808377
0.380889 -6541.55 0.801019
0.34422 -6560.66 0.81781
-0.755422 -9677.58 0.819189
-0.0285276 -7047.52 0.791516
-0.227264 -7486.48 0.797524
-0.0167801 -7026.38 0.802234
0.681455 -6521.97 0.80435
-0.272092 -7612.28 0.804876
0.0114349 -6975.57 0.807821
-0.247764 -7528.18 0.783248
-0.0113836 -7016.9 0.818061
0.482447 -6494.48 0.821678
-0.508459 -8387.64 0.80056
0.537317 -6488.16 0.808889
0.166848 -6742.95 0.797086
0.694348 -6525.58 0.79686
-0.35469 -7834.6 0.789109
0.164472 -6740.41 0.8184
-0.50915 -8397.04 0.803248
-0.894392 -10588.4 0.808786
-0.116538 -7228.97 0.809547
-0.946926 -10815.3 0.787013
-0.49924 -8355.22 0.801965
0.236471 -6661.1 0.801509
0.689051 -6525.17 0.802145
0.643311 -6506.02 0.809449
0.682095 -6512.5 0.781408
0.175172 -6731 0.80286
-0.34172 -7819.92 0.80789
-0.0536457 -7096.78 0.804298
0.323262 -6577.03 0.815323
-0.191872 -7393.59 0.789829
0.419458 -6525.23 0.783639
0.423555 -6524.68 0.778122
0.55158 -6488.04 0.792691
0.247603 -6649.46 0.801874
-0.113794 -7217.04 0.790337
-0.685738 -9253.12 0.815239
0.0412758 -6924.76 0.803777
0.507775 -6494.4 0.781279
-0.132656 -7266.4 0.813557
0.468866 -6502.49 0.794846
0.660436 -6512.61 0.80732
0.473262 -6501.59 0.792246
-0.416356 -8036.45 0.792188
0.681783 -6528.18 0.816768
0.473583 -6501.45 0.792494
-0.180557 -7369.95 0.795944
-0.249814 -7561.77 0.817247
0.249148 -6648.39 0.800278
0.338643 -6570.02 0.800357
0.0694402 -6879.71 0.800809
-0.223807 -7474.57 0.793231
0.0424463 -6922.57 0.806676
-0.166594 -7329.33 0.780141
-0.614656 -8868.8 0.80894
-0.129099 -7253.88 0.801095
0.271002 -6626.06 0.803139
-0.794477 -9939.02 0.8205
-0.357046 -7846.87 0.792783
-0.36191 -7878.68 0.804596
0.851375 -6701.26 0.809089
0.158063 -6752.75 0.802592
-0.343494 -7805.17 0.792471
-0.157866 -7314.94 0.791874
0.639301 -6502.08 0.80102
0.0748549 -6873.59 0.784921
0.478669 -6498.43 0.801339
0.0736403 -6872.65 0.804448
-0.201072 -7422.94 0.801261
0.861739 -6710.65 0.804812
0.183418 -6722.65 0.796433
0.399184 -6530.64 0.802678
0.356357 -6554.49 0.810287
0.0740664 -6874.04 0.790114
-0.507708 -8368.05 0.793818
0.602869 -6491.82 0.796639
-0.605573 -8730.01 0.780761
0.227018 -6675.69 0.786894
0.488977 -6497 0.793298
0.336607 -6569.86 0.805723
-0.116786 -7239.3 0.840213
0.246526 -6648.32 0.809015
-0.505361 -8382.73 0.803478
-0.32399 -7787.91 0.826124
-0.366227 -7903.69 0.812348
0.0451447 -6919.09 0.795948
-0.207334 -7439.97 0.803458
0.793186 -6607.7 0.797544
0.779592 -6585.18 0.789214
0.607693 -6492.7 0.796546
0.501158 -6495.24 0.78561
-0.865924 -10362.3 0.808436
-0.16469 -7328.31 0.787039
0.743409 -6556.87 0.793329
0.116493 -6808.78 0.804462
0.245467 -6650.93 0.804127
-0.0905125 -7171.67 0.804385
-0.160098 -7325.28 0.803124
0.362005 -6554.01 0.79926
0.377023 -6540.63 0.812492
0.124711 -6794.56 0.816596
0.166151 -6740.91 0.808221
-0.491506 -8323.97 0.801325
0.0932166 -6845.44 0.789004
0.143164 -6776.19 0.786588
0.39431 -6535.09 0.796238
0.800211 -6622.12 0.803176
0.470203 -6500.89 0.801281
0.361281 -6550.69 0.812085
0.182658 -6719.87 0.809811
-0.0937696 -7178.35 0.803731
0.517473 -6491.14 0.793789
0.0809584 -6860.69 0.80864
0.32625 -6584.93 0.783056
-0.635992 -8983.72 0.812204
-0.482112 -8285.45 0.800038
-0.0081896 -7010.55 0.795406
-0.241786 -7529.6 0.804397
0.396747 -6536.45 0.786523
-0.353283 -7848.24 0.802227
-0.4963 -8310.83 0.788011
0.38302 -6537.62 0.810474
-0.41863 -8046.2 0.793379
0.313483 -6589.27 0.801199
-0.244379 -7529.09 0.795218
0.20133 -6702.44 0.793053
0.459723 -6506.34 0.790959
-0.0868526 -7163.61 0.802512
-0.106239 -7200.34 0.787827
0.119051 -6806.11 0.799881
0.322026 -6583.51 0.797759
0.709184 -6540.79 0.807309
-0.3795 -7912.75 0.78991
0.157156 -6751.54 0.811982
-0.838318 -10062.6 0.795145
0.640772 -6501.15 0.795702
0.277788 -6618.72 0.806253
-0.489798 -8309.52 0.797906
-0.1094 -7209.02 0.794795
-0.624947 -8951.39 0.817977
-0.685341 -9199.17 0.803738
-0.227236 -7491.1 0.803935
0.0319279 -6939.25 0.820927
0.104859 -6828.43 0.789355
-0.104461 -7201.55 0.8056
0.188169 -6715.47 0.801624
-0.420719 -8102.79 0.820721
0.177637 -6731.11 0.791289
-0.430758 -8124.18 0.812951
0.572284 -6488.34 0.797554
-0.855119 -10199.3 0.797805
0.612695 -6493.52 0.795348
0.390187 -6537.69 0.795343
-0.139415 -7277.36 0.802136
0.353897 -6560.43 0.796171
-0.246487 -7548.06 0.811648
0.464352 -6504.01 0.794626
0.0997676 -6834.78 0.794865
0.580682 -6489.3 0.802318
-0.520733 -8410.45 0.790622
-0.344428 -7785.32 0.775104
0.256936 -6637.29 0.810731
0.132914 -6784.24 0.811429
-0.151463 -7295.75 0.781207
-0.0439808 -7075.89 0.785202
0.540146 -6488.06 0.808618
0.259564 -6636.79 0.804105
-0.630774 -8940.52 0.807543
0.514455 -6489.82 0.813474
-0.0203828 -7033.85 0.819583
-0.70931 -9293.32 0.796633
-0.059205 -7108.77 0.811149
-0.237631 -7506.41 0.788662
-0.8813 -10377.1 0.796119
-0.909823 -10684.3 0.805421
0.431813 -6512.61 0.812061
-0.358687 -7865.58 0.802533
0.178811 -6729.33 0.792544
-0.24873 -7543.34 0.798624
-0.834889 -9976.79 0.786241
-0.133992 -7257.62 0.781907
-0.0790737 -7147.87 0.80403
-0.336326 -7812.31 0.814933
-0.457595 -8216.71 0.810442
-0.666552 -9190.77 0.824459
-0.688928 -9217.93 0.80372
-0.0339436 -7058.82 0.80662
0.407284 -6526.77 0.801137
-0.467742 -8228.37 0.798311
0.246317 -6653.69 0.792604
0.186363 -6717.31 0.802812
0.770954 -6591.11 0.804252
0.470774 -6503.54 0.786137
-0.0262117 -7044.18 0.806899
-0.457118 -8173.31 0.790294
0.077269 -6870.03 0.784205
0.134444 -6782.3 0.81066
-0.465985 -8235.27 0.804543
0.36989 -6552.69 0.786546
0.156451 -6749.88 0.82226
0.010141 -6977.9 0.805608
0.259327 -6640.02 0.794682
-0.716015 -9391.62 0.809275
0.548131 -6487.9 0.807302
-0.649323 -9003.72 0.800594
0.656772 -6507.58 0.797628
-0.404741 -8028.96 0.810541
0.319999 -6584.38 0.800082
-0.357653 -7839.58 0.786175
0.196885 -6704.53 0.803692
0.317762 -6590.14 0.787729
-0.704067 -9225.16 0.788002
-0.122311 -7235.82 0.791872
-0.61795 -8799.4 0.785114
-0.0976685 -7183.9 0.793327
-0.16936 -7346.3 0.801575
-0.310776 -7724.08 0.80596
-0.394838 -7966.46 0.7928
-0.446901 -8161.22 0.802311
-0.454817 -8208.31 0.811335
-0.612118 -8810.66 0.795823
0.173716 -6730.89 0.80999
0.62999 -6503.22 0.816991
-0.217524 -7447.96 0.777538
-0.535441 -8414.16 0.770309
0.547733 -6487.95 0.80338
-0.611417 -8845.92 0.806774
0.153895 -6759.9 0.795643
-0.200922 -7426.83 0.808112
0.330575 -6572.72 0.811073
-0.401842 -8036.44 0.820791
0.316202 -6587.7 0.799197
-0.425976 -8124.16 0.822069
-0.729725 -9462.96 0.807998
-0.747195 -9610.42 0.816257
-0.261506 -7581.28 0.80282
0.649223 -6507.15 0.805596
0.20216 -6701.97 0.791402
0.68691 -6531.18 0.816418
0.10714 -6824.64 0.791999
0.405172 -6525.17 0.81152
0.593091 -6489.77 0.791134
0.300135 -6599.06 0.805456
-0.0230591 -7038.22 0.806238
-0.483772 -8302.77 0.804897
-0.431621 -8102.6 0.799892
-0.141785 -7286.74 0.812168
-0.330835 -7767.08 0.792258
0.601305 -6489.17 0.773034
-0.948076 -10936 0.797711
-0.575062 -8674.23 0.804525
0.0909491 -6844.8 0.812456
0.630022 -6499.05 0.800831
0.451497 -6508.65 0.79431
-0.478119 -8267.49 0.798688
0.467702 -6506.98 0.774458
-0.530558 -8457.53 0.793826
-0.802534 -9812.22 0.792714
-0.706092 -9371.73 0.816576
-0.83603 -10039.9 0.794134
-0.171202 -7350.48 0.80122
-0.336779 -7784.66 0.792194
-0.637873 -8894.16 0.786288
-0.238399 -7518.47 0.80162
0.245141 -6652.18 0.801212
-0.2318 -7500.02 0.800009
-0.769526 -9671.1 0.803065
-0.654209 -8960.41 0.783688
0.0661034 -6885.22 0.798717
-0.349901 -7829.12 0.795846
0.091052 -6848.08 0.79228
-0.757566 -9495.34 0.784292
0.379173 -6543.46 0.797997
-0.251996 -7536.57 0.780178
-0.217096 -7455.98 0.790798
-0.0630685 -7113.21 0.789849
-0.770672 -9628.33 0.794505
0.407697 -6527.73 0.796697
0.0552919 -6901.16 0.809761
0.43352 -6515.15 0.797846
0.664724 -6514.81 0.807746
0.642307 -6502.67 0.799408
-0.198011 -7412.04 0.795818
0.332934 -6571.07 0.81067
0.588597 -6490.89 0.808277
0.0879345 -6852.62 0.792876
-0.0499528 -7088.6 0.796681
-0.620826 -8862.08 0.799039
0.226426 -6669.23 0.810014
0.0358885 -6934.29 0.79646
0.506623 -6493.18 0.792408
-0.367907 -7887.89 0.797824
-0.540121 -8533.75 0.807493
-0.343454 -7827.93 0.809886
0.291878 -6605.4 0.808068
0.290417 -6605.01 0.813361
-0.228003 -7496.28 0.808266
-0.434616 -8101.31 0.793697
0.401819 -6530.2 0.799047
-0.384458 -7928.87 0.790163
-0.647071 -9000.14 0.802473
-0.375929 -7894.47 0.785214
-0.628774 -8904.28 0.800398
-0.169703 -7345.37 0.798089
-0.0816872 -7150.06 0.788788
-0.417625 -8063.48 0.804993
0.831634 -6663.15 0.803557
-0.182688 -7375.33 0.796464
-0.225931 -7497.41 0.817217
0.324963 -6580.03 0.801498
0.0756471 -6870.04 0.800909
-0.0647322 -7117.13 0.79393
0.684779 -6516.93 0.789167
-0.1814 -7377.02 0.805222
-0.664424 -9087.18 0.80269
0.527237 -6488.98 0.805936
0.207467 -6693.57 0.799291
0.641732 -6498.35 0.783304
0.807249 -6619.53 0.793984
0.0913187 -6844.7 0.809756
-0.467147 -8199.34 0.785692
-0.313444 -7721.72 0.797037
0.174003 -6733.05 0.800641
0.296851 -6601.72 0.805977
0.283742 -6612.78 0.807744
-0.172961 -7355.8 0.803439
0.140045 -6775.43 0.807326
-0.674594 -9131.72 0.801027
-0.441384 -8170.28 0.816934
-0.0578106 -7101.42 0.779079
-0.267967 -7594.57 0.798028
-0.300228 -7683.85 0.797251
-0.300644 -7701.71 0.812657
0.501027 -6493.97 0.795021
0.49557 -6494.91 0.796811
0.530746 -6489.05 0.799474
0.0585026 -6896.37 0.806256
-0.0887141 -7169.06 0.80938
0.425827 -6518.55 0.797962
-0.45556 -8212.15 0.811867
-0.519818 -8393.01 0.785181
-0.167518 -7339.21 0.795994
-0.232821 -7495.35 0.790297
-0.262683 -7568.78 0.785149
-0.924226 -10700 0.794519
0.037823 -6930.37 0.805563
0.235095 -6660.61 0.807781
0.461161 -6504.62 0.796977
0.105779 -6825.18 0.799405
-0.0879521 -7163 0.789822
0.0208246 -6959.15 0.808012
-0.099615 -7193.71 0.81516
0.405932 -6530.77 0.788861
0.761765 -6565.3 0.784893
0.437282 -6512.08 0.804252
-0.0315718 -7053.29 0.792899
0.0516782 -6907.27 0.807721
-0.403023 -8038.3 0.819477
0.331169 -6577.03 0.795871
-0.613384 -8815.35 0.795519
0.20076 -6701.49 0.798589
0.0841716 -6857.06 0.800447
-0.0243812 -7039.82 0.790637
-0.446492 -8151.41 0.798115
-0.406391 -8023.42 0.804014
0.779968 -6602.94 0.80659
-0.00961734 -7013.48 0.811534
-0.629422 -8975.3 0.818474
-0.292132 -7660.01 0.796424
-0.319176 -7752.77 0.809153
0.282924 -6617.11 0.796572
-0.460726 -8234.13 0.813189
0.44835 -6504.02 0.822929
-0.0400321 -7070.55 0.807014
0.630944 -6498.23 0.796152
0.00979894 -6978.31 0.814709
-0.57028 -8607.93 0.789632
-0.47615 -8225.83 0.783046
-0.137456 -7273.69 0.80409
0.501019 -6493.56 0.798248
-0.0831405 -7155.7 0.801481
-0.114683 -7216.83 0.783532
0.251119 -6646.85 0.798859
0.886555 -6729.07 0.792275
-0.187124 -7387.9 0.799847
0.519432 -6490.29 0.799915
-0.168991 -7346.73 0.804187
-0.469909 -8241.23 0.800582
-0.718856 -9299.62 0.787357
-0.110992 -7209.79 0.785994
0.082723 -6860.86 0.790272
-0.634553 -8968.3 0.810028
0.145229 -6769.82 0.801661
-0.627185 -8940.75 0.812224
0.0515381 -6907.22 0.810367
0.0728656 -6874.28 0.801469
0.429661 -6517.53 0.794996
-0.701528 -9250.16 0.796253
-0.17249 -7359.8 0.813447
0.830504 -6639.27 0.787359
0.149605 -6767 0.789576
0.0437601 -6920.49 0.805531
0.79125 -6594.92 0.787393
-0.0989924 -7188.59 0.800707
0.351848 -6565.29 0.785134
0.346678 -6564.19 0.800395
-0.17927 -7368.44 0.798843
0.137301 -6779.4 0.806312
-0.335182 -7781.38 0.793361
-0.550394 -8576.45 0.807324
0.326291 -6585.59 0.780929
0.404745 -6524.81 0.813773
-0.567453 -8655.79 0.809316
-0.58396 -8672.93 0.791856
-0.651367 -9000.49 0.797269
-0.71781 -9369.82 0.80286
-0.0423902 -7073.67 0.79288
-0.133462 -7265.46 0.806116
-0.0442445 -7077.91 0.799551
0.356739 -6552.58 0.815899
-0.265139 -7593.41 0.805255
-0.552942 -8563.51 0.799133
0.487577 -6495.2 0.80777
-0.116382 -7224.21 0.795544
0.146841 -6765.91 0.808939
0.549849 -6487.94 0.81499
0.693328 -6535.36 0.816446
-0.171038 -7359.91 0.820565
-0.710315 -9268.03 0.790187
0.289532 -6608.26 0.805609
0.650213 -6501.56 0.785697
-0.127892 -7247.02 0.789241
0.771542 -6591.38 0.803917
0.322407 -6583.29 0.797526
0.660605 -6504.26 0.782611
-0.0821705 -7151.97 0.793254
-0.101694 -7192.09 0.792454
0.321469 -6586.5 0.789806
-0.487301 -8275.67 0.787235
0.909767 -6754.01 0.784485
-0.663598 -9004.35 0.783528
-0.280943 -7635.55 0.803384
0.920218 -6806.34 0.799005
-0.147853 -7294.91 0.798284
0.115515 -6809.5 0.807719
0.703301 -6540.33 0.813299
-0.117329 -7230.77 0.809706
-0.436194 -8112.75 0.796842
-0.331216 -7768.21 0.79226
0.162604 -6746.56 0.803911
-0.284571 -7639.92 0.797533
0.0417507 -6923.72 0.806712
0.0166226 -6966.84 0.797596
-0.509073 -8407.14 0.807407
0.742883 -6559.45 0.797314
-0.45593 -8173.32 0.792361
0.373236 -6547.08 0.798179
-0.204168 -7423.18 0.789501
0.455177 -6503.08 0.815542
-0.508609 -8408.16 0.808551
0.585152 -6490.04 0.804855
0.0746971 -6873.48 0.787299
-0.521683 -8448.74 0.803967
0.470069 -6502.74 0.791473
0.0364804 -6934.24 0.784128
-0.622617 -8893.3 0.80532
-0.64251 -8908.99 0.784532
0.563106 -6488.68 0.817717
-0.328638 -7808.05 0.830601
-0.151492 -7305.34 0.803182
-0.766802 -9593.19 0.792357
-0.9062 -10838.8 0.824793
-0.54238 -8489.31 0.788128
0.087596 -6850.31 0.809985
-0.827809 -10055.9 0.804294
-0.281393 -7649.63 0.816366
-0.432163 -8098.28 0.796589
0.842626 -6687.32 0.808911
0.203454 -6694.98 0.8102
-0.0178459 -7028.09 0.796014
0.0503758 -6910.6 0.795923
-0.355834 -7877.69 0.817631
-0.349029 -7836.81 0.803549
0.176424 -6731.3 0.796029
0.211379 -6687.69 0.804143
-0.0269725 -7044.44 0.78832
0.374539 -6543.98 0.806064
0.209707 -6691.3 0.798355
-0.517735 -8374.99 0.781204
0.229321 -6675.38 0.779971
-0.526012 -8407.3 0.781469
-0.569345 -8610.61 0.791815
-0.325994 -7756.53 0.795339
-0.00808777 -7010.42 0.797913
-0.641495 -8984.9 0.805541
0.295506 -6600.19 0.81447
0.170805 -6734.23 0.811171
0.3352 -6571.76 0.802957
0.0357141 -6933.91 0.805395
-0.459943 -8176.9 0.787183
-0.337076 -7777.17 0.785583
-0.232233 -7493.83 0.790276
0.616999 -6496.9 0.807983
0.403643 -6531.35 0.791193
0.00370604 -6989.37 0.797779
-0.291294 -7658.76 0.797509
0.395914 -6534.56 0.794912
0.565415 -6488.18 0.802982
-0.897291 -10550.1 0.801885
0.579427 -6489.65 0.808425
0.477728 -6497.77 0.807043
-0.462023 -8231.38 0.809609
-0.299662 -7679.01 0.794245
-0.181742 -7375.11 0.800213
0.158614 -6750.31 0.809343
0.583081 -6489 0.794764
-0.237541 -7511.31 0.795285
-0.0996508 -7193.13 0.81265
0.656782 -6509.58 0.803457
-0.833295 -10083.3 0.802824
0.461165 -6505.68 0.791714
0.877483 -6744.19 0.808377
-0.370457 -7899.25 0.80006
0.0282146 -6947.96 0.78257
0.177849 -6723.12 0.819663
0.118312 -6807.23 0.799516
0.0105759 -6977.12 0.806306
-0.214108 -7457.96 0.804762
0.643092 -6505.82 0.809089
-0.302425 -7708.42 0.813998
-0.739811 -9440.85 0.792759
-0.450879 -8172.6 0.80088
0.0530498 -6905.71 0.801345
0.392771 -6538.19 0.788347
0.453555 -6505.33 0.80674
0.0691726 -6880.45 0.798452
-0.424345 -8101.65 0.813093
-0.222379 -7472.41 0.79528
0.201252 -6706.65 0.779061
0.360013 -6554.51 0.802006
0.182149 -6722.55 0.802352
-0.0266389 -7044.68 0.801963
-0.377566 -7936.13 0.809346
-0.00113913 -6997.94 0.79006
-0.800256 -9794.15 0.792116
0.531798 -6488.86 0.801055
0.0274587 -6948.29 0.798421
0.629335 -6500.78 0.808735
0.63178 -6501.29 0.807575
-0.0862467 -7160.64 0.794836
0.166779 -6738.59 0.814024
0.652691 -6507.79 0.803259
0.626579 -6494.84 0.785211
0.149289 -6765.89 0.795752
0.525954 -6489.85 0.79538
-0.851586 -10120.8 0.790667
0.422689 -6515.12 0.8184
0.270853 -6626.52 0.802153
-0.0133957 -7020.37 0.808752
0.0577004 -6897.06 0.811464
0.185691 -6714.46 0.815964
0.688409 -6534.54 0.820812
0.462945 -6504.26 0.795755
-0.2857 -7640.25 0.79471
-0.15714 -7317.78 0.80178
0.023631 -6954.48 0.804525
0.232993 -6664.42 0.802684
-0.586871 -8680.34 0.790249
0.590658 -6491.83 0.813157
0.114678 -6811.13 0.805626
-0.108922 -7206.93 0.791105
0.364391 -6552.01 0.800682
0.0744042 -6875.27 0.778042
0.817764 -6624.18 0.787629
0.941469 -6866.98 0.804397
-0.608553 -8814.02 0.801452
-0.565525 -8620.62 0.800488
0.893198 -6789.53 0.815743
0.422386 -6518.39 0.805117
-0.392686 -7976.35 0.803272
-0.424695 -8079.45 0.800349
-0.400982 -7994.82 0.797793
-0.47923 -8262.41 0.794558
-0.509804 -8358.59 0.786719
0.450694 -6508.57 0.796087
-0.734631 -9348.16 0.780184
-0.316656 -7733.88 0.799431
0.706658 -6539.92 0.808771
0.434842 -6516.75 0.788699
0.249464 -6651.55 0.789322
0.0201453 -6960.96 0.793416
0.84415 -6675.9 0.800142
0.0732627 -6873.73 0.800966
0.253844 -6641.57 0.806926
-0.304604 -7694.54 0.795569
-0.428379 -8101.72 0.80547
-0.599008 -8817.46 0.815227
-0.425009 -8064.01 0.791295
-0.0568382 -7101.98 0.796448
0.349505 -6568.07 0.781569
-0.914763 -10839.8 0.817172
0.741163 -6576.95 0.820806
0.0409607 -6925.36 0.802888
0.544511 -6488.25 0.795687
0.299208 -6598.73 0.808979
-0.141657 -7274.89 0.783242
0.652077 -6509.78 0.809847
-0.12971 -7256.41 0.804352
0.367595 -6549.82 0.801071
-0.170744 -7348.92 0.800271
0.627352 -6497.14 0.795771
-0.160908 -7315.2 0.777462
-0.372043 -7909.65 0.803662
-0.272115 -7622.57 0.815746
0.63896 -6506.55 0.816642
0.909555 -6771.79 0.793053
0.473551 -6500.43 0.798197
-0.636974 -8882.8 0.784357
0.0112198 -6975.94 0.808241
0.839204 -6660.38 0.794402
0.206391 -6690.6 0.813588
-0.0276802 -7046.02 0.792563
0.693703 -6528.71 0.803739
-0.412892 -8033.08 0.796902
-0.488391 -8332.39 0.810049
0.269231 -6633.63 0.784887
0.367412 -6551.48 0.795869
0.283321 -6615.71 0.799801
-0.245053 -7534.08 0.799205
0.362434 -6549.08 0.815024
-0.172862 -7353.94 0.800282
-0.241966 -7519.86 0.791546
-0.0201109 -7032.52 0.801925
0.506432 -6493.19 0.792588
-0.795815 -9787.75 0.795513
-0.393208 -7980.7 0.804892
-0.000460082 -6996.74 0.788118
0.628352 -6500.36 0.808346
0.213046 -6690.82 0.787451
-0.17544 -7354.5 0.789601
-0.427249 -8068.73 0.789727
-0.386974 -7958.64 0.80398
0.2569 -6633.68 0.822388
0.807022 -6635.46 0.807271
0.732068 -6557.71 0.806753
-0.47412 -8259.72 0.801898
-0.208814 -7432.95 0.787
0.0478447 -6916.99 0.77252
0.291156 -6607.35 0.803964
0.0817902 -6858.99 0.811307
0.0811599 -6862.95 0.792022
0.271432 -6624.26 0.807507
-0.050955 -7091.11 0.801216
0.693353 -6521.12 0.788731
0.446008 -6510.53 0.795444
0.223054 -6671.69 0.814093
0.729125 -6549.9 0.799054
0.203108 -6699.3 0.796796
0.815471 -6633.65 0.797483
0.283827 -6612.51 0.80836
-0.59178 -8735.16 0.800526
-0.233142 -7511.13 0.810061
-0.211434 -7445.87 0.796792
-0.561837 -8587.55 0.794638
-0.0632036 -7114.25 0.794815
-0.418802 -8051.35 0.795942
-0.143216 -7280.68 0.78908
0.573204 -6489.09 0.809816
0.0267494 -6949.03 0.806509
0.206848 -6692.02 0.806955
0.607541 -6493.94 0.804656
-0.0454127 -7079.91 0.79723
-0.183015 -7369.69 0.784769
0.69933 -6536.16 0.810833
0.0783878 -6866.65 0.795435
-0.0922861 -7171.72 0.789149
-0.256051 -7563.01 0.798794
0.0229572 -6955.86 0.800013
0.275966 -6618.92 0.810944
0.173178 -6735.46 0.795483
-0.682922 -9248.02 0.817474
0.523967 -6489.22 0.807188
0.41945 -6516.67 0.817991
-0.288524 -7654.38 0.800858
-0.53951 -8486.48 0.791289
-0.53403 -8453.5 0.787159
-0.488033 -8278.29 0.787199
0.499252 -6493.19 0.80401
-0.187469 -7395.26 0.811304
-0.307582 -7723.87 0.814139
-0.260854 -7566.62 0.788196
0.0268363 -6949.27 0.799782
-0.090021 -7166.74 0.787707
0.48788 -6496.24 0.800068
0.477693 -6498.37 0.80336
0.200076 -6701.77 0.800337
-0.774067 -9741.67 0.810241
0.343031 -6566.05 0.802833
-0.570092 -8665.69 0.808781
0.0611631 -6891.49 0.811312
0.516865 -6488.83 0.824756
-0.805061 -9997.09 0.818386
0.113321 -6816.4 0.789165
0.851648 -6690.56 0.802346
-0.464163 -8204.43 0.793161
-0.114071 -7223.14 0.808207
0.0385036 -6929.77 0.798839
0.242059 -6657.23 0.795255
-0.0100881 -7014.11 0.80129
-0.228826 -7493.47 0.801556
-0.0654978 -7118.24 0.791416
-0.394023 -7973.94 0.79906
-0.931481 -10889.9 0.80745
-0.476792 -8254.42 0.795008
0.839023 -6679.6 0.807446
0.454943 -6509.02 0.786625
0.0270795 -6949.71 0.784842
0.40957 -6525.17 0.802781
-0.663098 -9175.66 0.825238
0.118897 -6808.15 0.79118
-0.708949 -9288.99 0.796131
0.756603 -6578.45 0.80576
-0.383111 -7933.45 0.795903
0.516142 -6490.26 0.805383
0.0952578 -6838.78 0.809714
0.502501 -6491.77 0.811259
0.301145 -6598.8 0.803581
0.241455 -6658.81 0.792222
-0.679959 -9092.69 0.785639
0.227682 -6676.94 0.780584
-0.599128 -8766.79 0.800152
-0.22014 -7472.12 0.802967
0.149756 -6763.71 0.802128
-0.554621 -8584.77 0.804024
-0.277523 -7607.24 0.783866
0.498541 -6492.42 0.811718
-0.0159179 -7023.89 0.777473
0.487003 -6496.61 0.799043
-0.108093 -7204.98 0.79042
0.342178 -6566.39 0.803757
0.124201 -6798.58 0.80128
-0.602464 -8770.26 0.796746
-0.640238 -8944.15 0.796555
-0.675826 -9127.02 0.798475
0.129453 -6791.07 0.802277
0.728023 -6538.55 0.782819
-0.297664 -7683.53 0.803819
0.205875 -6701.34 0.779238
-0.333614 -7794.28 0.807344
0.817969 -6649.15 0.80688
-0.597211 -8711.19 0.785994
-0.0253185 -7041.3 0.786495
0.800865 -6623.29 0.803504
0.269737 -6628.58 0.799028
-0.566878 -8644.76 0.806531
-0.541844 -8489.75 0.789067
0.525829 -6491.06 0.781952
0.020878 -6959.91 0.789009
-0.401043 -7960.47 0.776888
-0.157444 -7319.06 0.803048
-0.794523 -9859.01 0.808083
0.20423 -6693.17 0.813311
0.159489 -6750.09 0.805785
0.671009 -6520.38 0.813359
-0.0349209 -7060.69 0.80656
-0.328031 -7783.41 0.812305
-0.263976 -7569.67 0.782303
-0.599027 -8760.85 0.798523
0.041659 -6924.78 0.796167
-0.156397 -7319.18 0.808689
0.807156 -6626.41 0.799823
-0.571767 -8646.03 0.800046
0.310451 -6587.23 0.815497
0.0767656 -6867.82 0.804255
-0.750642 -9559.32 0.803287
0.772801 -6575.56 0.78564
0.942267 -6838.63 0.793139
-0.497822 -8360.83 0.806583
0.849596 -6686.96 0.802047
0.0571032 -6899.4 0.799446
-0.530017 -8487.61 0.805881
-0.171279 -7352.93 0.805696
-0.387725 -7962.11 0.804608
0.0436292 -6920.89 0.803574
0.866112 -6722.02 0.807123
-0.22018 -7469.36 0.798885
0.615282 -6494.26 0.796379
-0.791682 -9723.03 0.789169
0.315947 -6585.71 0.806122
0.0926119 -6843.03 0.808144
0.269451 -6628.51 0.800095
-0.489229 -8327.75 0.806675
0.254385 -6643.25 0.799904
0.185543 -6723.47 0.784414
-0.694128 -9171.01 0.787311
-0.201396 -7420.97 0.796818
-0.183607 -7376.64 0.794859
-0.334076 -7807.46 0.816616
0.57322 -6489.1 0.809947
-0.0356976 -7063.23 0.819093
0.0434457 -6922.75 0.78609
0.0828079 -6861.63 0.784582
0.646775 -6501.41 0.78932
0.540409 -6488.68 0.791584
0.148839 -6762.17 0.813363
0.325395 -6576.04 0.813169
0.171464 -6735.51 0.803257
-0.0117925 -7017.43 0.80933
-0.395822 -7974 0.795465
-0.22845 -7488.96 0.796753
0.386529 -6538.76 0.799075
0.443526 -6510.89 0.798256
-0.213329 -7457.01 0.806291
0.311826 -6590.67 0.801062
0.101329 -6830.92 0.80339
0.0708471 -6877.51 0.800841
0.033605 -6939.01 0.783436
-0.66327 -9064.31 0.798574
0.245136 -6651.04 0.804873
-0.41203 -8040.39 0.802762
-0.670036 -9175.33 0.816615
-0.438716 -8129.59 0.801013
0.36765 -6551.59 0.794974
0.606554 -6492.16 0.794289
-0.326634 -7761.06 0.797502
-0.154438 -7307.25 0.792174
0.269409 -6628.93 0.798918
-0.778418 -9721.96 0.802437
-0.321423 -7745.93 0.797748
0.316066 -6592.83 0.783672
-0.547322 -8594.57 0.818145
0.629815 -6502.67 0.815246
-0.135968 -7271.83 0.808006
-0.116593 -7225.93 0.799568
-0.113553 -7218.34 0.796241
0.297961 -6601.7 0.803038
-0.205492 -7428.1 0.792127
0.531965 -6488.67 0.804496
0.527931 -6489.18 0.801732
0.415028 -6521.65 0.806019
0.336684 -6569.14 0.807878
-0.669292 -9173.27 0.817048
-0.0396577 -7068.47 0.792778
-0.422595 -8040.84 0.782943
0.206599 -6695.78 0.79515
-0.824842 -10026.1 0.802932
-0.380852 -7922.56 0.793527
-0.538077 -8511.66 0.802574
0.0213667 -6958.11 0.810342
0.205177 -6697.75 0.793976
-0.200479 -7427.76 0.811392
-0.610482 -8813.91 0.79889
-0.575028 -8647.83 0.796091
-0.372178 -7920.69 0.810775
0.203322 -6695.21 0.809946
0.254463 -6638.99 0.813149
0.203867 -6701.41 0.786665
0.268518 -6633.15 0.78844
0.616575 -6493.35 0.789292
-0.334403 -7786.1 0.798964
-0.70992 -9297.16 0.796754
0.574676 -6488.43 0.796285
0.231387 -6666.91 0.800149
-0.368554 -7889.42 0.797471
-0.313118 -7741.42 0.81501
-0.904054 -10683.7 0.810496
0.203493 -6693.83 0.814008
0.407244 -6531.23 0.784636
0.0305696 -6944.05 0.782851
0.45315 -6507.93 0.794794
-0.876082 -10482.1 0.813394
-0.0787658 -7145.27 0.794235
0.0596137 -6894.99 0.802883
0.33947 -6568.8 0.80232
0.257872 -6644.66 0.784698
-0.424606 -8120.1 0.82254
0.484138 -6497.1 0.800608
0.0802819 -6861.93 0.807347
0.332566 -6574.06 0.801944
-0.476085 -8233.1 0.786481
-0.503037 -8377.65 0.80512
-0.891857 -10517 0.803009
0.617729 -6494.73 0.795867
0.41352 -6519.91 0.816041
0.0802333 -6861.44 0.81105
-0.0887068 -7169.53 0.811506
0.105649 -6820.55 0.824605
0.136193 -6780 0.810246
-0.43128 -8085.04 0.791134
-0.0511999 -7091.16 0.797798
0.0152458 -6968.91 0.806674
-0.840793 -10061.6 0.79266
0.353144 -6555.89 0.812945
-0.837939 -10180.5 0.811645
-0.858678 -10141.3 0.786866
0.0697185 -6879.01 0.802731
-0.374506 -7906.33 0.796154
0.171718 -6734.39 0.806258
0.0858763 -6853.1 0.808905
0.751346 -6564.78 0.795127
0.0894457 -6848.79 0.802278
-0.487051 -8304.98 0.800439
0.162176 -6747.75 0.801435
0.712799 -6530.78 0.786042
0.314474 -6590.13 0.79599
-0.077553 -7147.02 0.815504
-0.924419 -10725.8 0.797035
0.642801 -6505.44 0.808221
0.3219 -6579.9 0.809542
0.659299 -6509.72 0.8008
0.456773 -6505.78 0.798823
0.0240789 -6952.83 0.821747
-0.140005 -7276.84 0.797449
0.255746 -6644.85 0.79062
0.651222 -6500.59 0.780855
-0.465864 -8244.49 0.809047
0.0475563 -6912.98 0.818548
0.36558 -6553.68 0.792526
-0.30018 -7709.58 0.821143
0.527811 -6489.56 0.796328
0.0293217 -6945.51 0.792582
-0.544955 -8555.89 0.808165
0.492202 -6494.86 0.802579
0.287859 -6616.82 0.783804
0.443907 -6509.28 0.80493
-0.711938 -9244.71 0.783455
-0.155824 -7317.9 0.808819
-0.459838 -8241.63 0.818302
-0.651726 -8988.38 0.793774
0.398931 -6526.64 0.818424
0.536214 -6488.58 0.799979
-0.0593886 -7107.29 0.798551
-0.173807 -7349.49 0.787277
0.513988 -6491.65 0.794251
0.660235 -6504.59 0.784138
0.545681 -6488.15 0.79685
-0.212314 -7461.23 0.816426
-0.0437094 -7076.76 0.798413
-0.0787292 -7145.65 0.796486
0.504188 -6494.34 0.787289
0.329221 -6576.96 0.800804
0.615844 -6494.32 0.796018
0.443912 -6508.13 0.810388
-0.42022 -8096.96 0.818504
-0.0188415 -7030.22 0.802977
-0.319611 -7735.58 0.793487
-0.0419994 -7074.7 0.810453
0.447399 -6504.3 0.823168
-0.408657 -8033.24 0.805253
-0.363384 -7894.86 0.812591
0.543982 -6488.09 0.801758
-0.757769 -9538.14 0.7919
-0.128121 -7252.82 0.80423
-0.425059 -8119.45 0.821315
0.0333797 -6938.33 0.798396
-0.583087 -8677.64 0.794527
0.249906 -6647.22 0.801557
0.202743 -6701.24 0.79161
-0.412528 -8029.57 0.795592
0.0459331 -6919.19 0.781297
-0.104183 -7200.05 0.802353
-0.295291 -7675.95 0.803094
-0.808501 -9888.46 0.798621
0.496538 -6493.99 0.802058
0.435315 -6512.48 0.806121
-0.278597 -7622.9 0.797109
0.282644 -6615.49 0.802383
0.239377 -6658.1 0.80136
0.846554 -6698.51 0.812041
0.298562 -6597.4 0.814959
0.434641 -6515.2 0.795548
0.494692 -6494 0.804956
-0.57172 -8673.58 0.809019
-0.231644 -7499.71 0.800128
0.412426 -6523.57 0.803465
0.191021 -6708.31 0.814882
-0.380216 -7958.49 0.818169
0.761988 -6575.53 0.796755
-0.534756 -8443.6 0.782388
0.110315 -6813.99 0.82289
-0.080882 -7150.99 0.801132
0.588839 -6489.78 0.796944
0.275425 -6623.15 0.799258
0.389996 -6536.25 0.800857
0.0893747 -6850.66 0.791759
-0.281924 -7617.39 0.782055
0.602627 -6492.57 0.802404
0.896589 -6754.14 0.796076
-0.427352 -8078.06 0.794616
0.153335 -6758.93 0.802446
-0.680006 -9129.56 0.794154
-0.334595 -7771.55 0.786925
0.434787 -6511.97 0.809378
-0.0560457 -7101.22 0.802193
-0.757896 -9555.79 0.794961
0.100733 -6831.34 0.805872
0.169174 -6740.98 0.793513
-0.315052 -7719.45 0.790996
0.0999503 -6832.27 0.807129
0.0886336 -6848.35 0.812238
0.656806 -6509.24 0.802457
-0.586364 -8706.82 0.799179
0.214759 -6683.38 0.805814
-0.497464 -8306.12 0.784169
0.684244 -6519.34 0.795301
-0.440165 -8107.28 0.786804
0.144733 -6767.77 0.812936
-0.719018 -9347.15 0.796918
-0.401999 -8032.75 0.818305
-0.110989 -7217.29 0.811125
-0.0588786 -7107.74 0.808571
0.743112 -6565.94 0.805398
0.132863 -6788.02 0.795088
0.231188 -6664.89 0.807397
0.177451 -6728.04 0.803339
-0.525351 -8445.43 0.797092
0.0798349 -6865.91 0.785844
0.673083 -6513.82 0.795236
0.440628 -6507.55 0.819229
-0.067799 -7124.36 0.800675
-0.0493186 -7088.24 0.8039
-0.107869 -7204.34 0.789833
0.248717 -6643.42 0.817567
-0.100455 -7190.92 0.797825
-0.304609 -7690.34 0.791724
0.630305 -6501.65 0.810834
-0.882208 -10412.3 0.799518
0.628236 -6494.59 0.781799
-0.490255 -8366.97 0.821623
0.191705 -6710.93 0.802752
-0.0238123 -7040.03 0.813435
0.767292 -6581.22 0.797585
-0.263055 -7582.66 0.799641
0.0837761 -6857.43 0.801894
0.349892 -6566.57 0.785462
-0.0928586 -7176.24 0.802951
0.651678 -6504.27 0.79336
-0.483928 -8302.2 0.804386
0.376744 -6544.39 0.79991
0.339233 -6570.48 0.797481
0.190681 -6713.84 0.79677
-0.01812 -7028.49 0.793616
-0.2542 -7575.22 0.81885
0.188528 -6716.74 0.795609
0.595061 -6491.16 0.801802
-0.548095 -8498.76 0.783301
-0.459487 -8182.53 0.790687
-0.720548 -9300.9 0.785773
0.205232 -6694.43 0.805039
0.117942 -6809.6 0.790653
-0.428054 -8082.55 0.795749
0.21359 -6683.9 0.808497
0.943103 -6840.77 0.793253
-0.0352603 -7059.29 0.78212
-0.204405 -7429.16 0.798011
0.127602 -6794.61 0.797864
0.197137 -6700.5 0.816706
0.178514 -6721.87 0.8212
0.713607 -6541.24 0.803037
0.578109 -6489.42 0.807399
-0.780866 -9849.81 0.820751
0.154692 -6756.24 0.806123
0.0166855 -6967.09 0.787422
0.265375 -6628.33 0.812941
-0.801828 -9889.03 0.805355
-0.00653525 -7007.58 0.795177
-0.965098 -10890.9 0.779418
-0.107752 -7198.45 0.77018
-0.523999 -8452.91 0.802001
0.26846 -6628.95 0.801657
-0.286135 -7634.54 0.787788
-0.161717 -7322.43 0.789015
-0.193532 -7396.74 0.788402
0.806879 -6615.42 0.790824
0.530132 -6489.31 0.796359
-0.614459 -8798.8 0.789404
-0.59401 -8733.36 0.796975
0.248028 -6654.3 0.785246
-0.566806 -8606.6 0.794031
-0.00321785 -7001.71 0.803776
-0.490178 -8301.68 0.79391
-0.453849 -8142.09 0.780541
0.0180841 -6963.66 0.814415
0.814462 -6635.44 0.799877
0.57966 -6489.12 0.801307
-0.814429 -9893.37 0.793551
-0.289433 -7660.66 0.804486
0.491212 -6494.76 0.804954
-0.134509 -7266.06 0.801444
0.133947 -6786.41 0.795642
0.615289 -6495.6 0.803738
0.0348565 -6935.55 0.802646
0.162262 -6746.45 0.80603
0.367124 -6545.53 0.816877
0.655231 -6507.71 0.799901
0.0706302 -6878.1 0.798971
0.872121 -6710.84 0.795338
-0.0919746 -7176.66 0.812419
0.340936 -6572.17 0.788157
0.419208 -6523.67 0.790075
0.150834 -6766.95 0.783348
0.651675 -6503.29 0.790058
0.248969 -6642.2 0.820694
-0.641901 -9061.92 0.824559
0.150465 -6766.96 0.785234
-0.616714 -8848.44 0.800552
0.129432 -6791.06 0.80248
-0.464727 -8238.9 0.808419
0.768777 -6591.12 0.806541
0.25571 -6647.74 0.781763
-0.0359412 -7062.2 0.801414
-0.250104 -7549.37 0.801488
0.585995 -6488.96 0.790197
0.569888 -6488.19 0.796965
0.497849 -6494.09 0.799213
0.569027 -6487.89 0.781122
0.268529 -6629.96 0.798299
-0.845378 -10113.9 0.79553
0.848334 -6664.11 0.788391
0.0250187 -6952.66 0.794007
0.380658 -6540.33 0.805786
0.753764 -6567.89 0.796403
0.055791 -6900.45 0.808855
0.365524 -6550.37 0.803721
-0.372641 -7899.82 0.795759
0.336159 -6571.07 0.802876
-0.59051 -8697.32 0.79064
-0.299077 -7684.76 0.80117
-0.193716 -7403.73 0.799478
0.206277 -6697.38 0.790988
0.366168 -6548.38 0.809108
-0.73703 -9558.64 0.817996
-0.816378 -9966.45 0.802547
0.562068 -6487.9 0.788485
-0.733255 -9429.24 0.797596
0.617239 -6495.02 0.798109
0.618904 -6497.93 0.810294
0.840218 -6665.78 0.797141
-0.530576 -8496.96 0.808497
0.599098 -6493 0.810042
-0.591461 -8745.45 0.804082
0.0519339 -6908.83 0.788931
0.103237 -6828.45 0.801656
-0.0662943 -7124.47 0.819529
0.321884 -6588.42 0.782886
-0.540316 -8521.39 0.802758
0.0332902 -6937.52 0.812201
-0.746447 -9536.24 0.803563
0.230767 -6660.95 0.821817
-0.437994 -8162.27 0.819164
-0.213895 -7447.42 0.789922
-0.489792 -8336.88 0.809646
-0.566356 -8622.68 0.799998
0.428635 -6513.23 0.815319
0.151026 -6761.77 0.803195
-0.689337 -9256.59 0.811741
-0.350154 -7822.73 0.79052
-0.458101 -8190.14 0.796765
-0.256545 -7565.44 0.800072
0.549222 -6487.96 0.817277
0.482532 -6496.16 0.809489
-0.0407834 -7070.67 0.793411
-0.512236 -8377.77 0.790708
-0.711111 -9284.06 0.792675
0.00903424 -6979.81 0.807967
-0.35133 -7857.11 0.813172
-0.00452701 -7004.07 0.803812
-0.218695 -7479.82 0.819284
0.613178 -6493.44 0.794218
0.35124 -6560.3 0.802636
0.696451 -6539.31 0.819598
-0.185904 -7377.31 0.786224
-0.0120202 -7017.34 0.790734
0.553432 -6488.06 0.789001
0.0485131 -6913.69 0.79522
0.611287 -6493.43 0.796609
-0.590052 -8748.02 0.806783
0.261328 -6637.82 0.795457
0.445205 -6507.63 0.810397
0.264544 -6628.13 0.816145
0.617656 -6494.56 0.79502
-0.323101 -7747.32 0.794773
-0.245142 -7538.07 0.803839
0.497672 -6495.2 0.79139
-0.229558 -7481.58 0.782905
-0.241375 -7531.81 0.808533
0.182136 -6723.88 0.797622
0.0272415 -6948.87 0.794785
0.252169 -6646.98 0.79512
-0.254382 -7560.74 0.801374
-0.128911 -7253.24 0.800461
-0.36232 -7868 0.796189
-0.0892116 -7166.38 0.793314
0.769018 -6564.16 0.776099
0.210048 -6699.04 0.771306
-0.244231 -7523.23 0.788418
-0.497185 -8343.28 0.80029
-0.386363 -7948 0.798494
-0.0644355 -7117.45 0.799533
0.41622 -6520.95 0.806518
0.26474 -6635.19 0.793348
-0.554726 -8601.12 0.809456
0.122938 -6799.03 0.807436
0.526303 -6489.54 0.798936
0.518678 -6490.74 0.796099
-0.108677 -7209.56 0.801931
0.220908 -6676.25 0.806798
0.57596 -6489.33 0.809241
-0.547556 -8585.71 0.814725
0.588286 -6489.78 0.79769
-0.257169 -7551.86 0.782366
-0.342254 -7811.94 0.800531
-0.446926 -8143.34 0.793264
0.556177 -6487.9 0.801838
-0.755178 -9537.89 0.794573
-0.36084 -7880.57 0.808318
-0.81571 -10081 0.819808
0.453411 -6507.73 0.795284
0.371805 -6550.29 0.79043
-0.624106 -8844.29 0.78992
-0.139454 -7276.03 0.798524
0.764034 -6582.32 0.802197
-0.270116 -7616.44 0.815235
-0.33043 -7773.44 0.798373
0.784454 -6602.5 0.801557
-0.137768 -7277.04 0.810901
-0.326417 -7749 0.788091
0.185116 -6720.72 0.796029
-0.27292 -7623.34 0.814147
-0.655723 -8990.07 0.789361
-0.150626 -7306.06 0.809473
0.635605 -6502.86 0.808517
-0.255976 -7570.31 0.807489
-0.626195 -8944.58 0.814532
-0.366042 -7931.4 0.83163
0.377893 -6544.64 0.796618
-0.148487 -7292.01 0.787999
-0.143209 -7284.74 0.799155
0.3171 -6583.95 0.808775
-0.525627 -8495.59 0.815597
0.856573 -6666.96 0.782708
-0.588236 -8728.65 0.803356
0.0121523 -6974.55 0.798372
0.301455 -6600.08 0.798749
0.321429 -6585.19 0.793995
-0.398233 -7992.91 0.802143
0.0258658 -6951.65 0.786349
-0.593333 -8745.31 0.801503
0.375327 -6544.46 0.802686
-0.33412 -7790.86 0.803411
-0.471011 -8227.92 0.79256
0.0837453 -6857.11 0.804177
-0.395432 -7995.58 0.809448
0.871311 -6718.21 0.800206
0.672882 -6511.39 0.789176
0.291127 -6609.24 0.798163
0.554966 -6487.91 0.804272
0.917524 -6801.31 0.799213
-0.00170921 -6998.93 0.786234
0.531656 -6488.15 0.818034
-0.822287 -10031 0.806134
-0.0719554 -7132.64 0.800215
0.56847 -6488.15 0.797746
-0.155763 -7315.16 0.803043
-0.22857 -7505.67 0.818922
0.717622 -6552.13 0.815109
0.48281 -6496.02 0.80999
0.411622 -6522.04 0.81111
0.084174 -6858.27 0.792823
0.331449 -6573.4 0.806756
-0.594476 -8741.47 0.798804
0.109496 -6819.66 0.800157
-0.791041 -9852.61 0.810633
-0.216517 -7459.45 0.797974
0.345682 -6565.86 0.797312
0.133382 -6784.36 0.808033
-0.327322 -7783.4 0.814056
-0.322338 -7743.46 0.793412
-0.00990018 -7013.6 0.793848
0.299784 -6605.04 0.787865
-0.458916 -8202.49 0.801297
0.0371626 -6932.55 0.791571
0.370609 -6542.15 0.82109
-0.638404 -8984.93 0.809449
-0.222257 -7480.13 0.806588
-0.462259 -8192.14 0.790558
0.211739 -6687.84 0.802251
0.352805 -6557.97 0.806764
0.209523 -6695.84 0.783857
0.869878 -6720.44 0.802759
0.614775 -6496.8 0.810411
-0.322078 -7774.96 0.820336
0.82777 -6656.27 0.80247
-0.624037 -8950.4 0.818906
-0.151097 -7302.89 0.799632
0.415397 -6526.83 0.785275
-0.868169 -10268.3 0.79463
0.500164 -6492.72 0.806473
-0.0599903 -7108.99 0.801988
0.48882 -6495.92 0.800712
-0.258683 -7561.8 0.789262
0.406787 -6526.9 0.801618
0.610235 -6493.9 0.800852
-0.0152894 -7023.74 0.805182
0.517808 -6492.05 0.784705
0.0642762 -6888.75 0.793556
0.104696 -6826.04 0.803117
-0.259506 -7562.06 0.787063
-0.361993 -7864.45 0.794401
0.182385 -6720.99 0.806967
-0.289628 -7661.25 0.804516
0.495512 -6493.57 0.80704
-0.41898 -8045.48 0.792314
0.241452 -6654.93 0.804605
0.312159 -6589.63 0.803454
0.415832 -6521.1 0.80664
-0.0794848 -7146.65 0.793862
0.298636 -6598.14 0.812419
0.546994 -6487.92 0.806752
-0.595401 -8795.83 0.813795
0.397438 -6529.91 0.808922
0.641038 -6502.84 0.801586
0.545685 -6488.03 0.80158
-0.641448 -8966.38 0.800823
-0.762907 -9641.98 0.804978
-0.174533 -7356.77 0.798078
0.56085 -6487.9 0.789183
0.472784 -6498.39 0.811604
0.325581 -6575.82 0.813418
0.110475 -6818.93 0.79676
0.287568 -6609.96 0.805793
-0.878744 -10342.8 0.794272
0.763017 -6563.73 0.781669
0.0635428 -6889.12 0.799803
0.291425 -6598.32 0.831937
0.0576827 -6898.27 0.801227
-0.21751 -7476.13 0.818448
-0.122798 -7238.31 0.796143
-0.27668 -7630.69 0.810726
-0.749983 -9515.89 0.79603
-0.331391 -7760.17 0.785334
0.156516 -6756.72 0.794827
-0.32191 -7749.83 0.799821
-0.579841 -8679.54 0.799577
-0.601849 -8767.94 0.796876
-0.571183 -8651.79 0.802735
0.336079 -6570.74 0.804131
0.599316 -6493.71 0.814292
-0.503178 -8381.7 0.806546
0.560408 -6488 0.803522
0.248198 -6654.99 0.782558
