0.090703 -6847.29 0.8
-0.251254 -7551.2 0.8
-0.639577 -8954.2 0.8
-0.0658628 -7120.37 0.8
0.950024 -6874.95 0.8
-0.571676 -8645.5 0.8
0.691007 -6525.23 0.8
0.28582 -6613.38 0.8
0.825824 -6650.23 0.8
-0.286815 -7648.69 0.8
0.25454 -6643.06 0.8
0.879289 -6731.29 0.8
-0.252112 -7553.49 0.8
0.0218051 -6957.83 0.8
0.713668 -6539.42 0.8
0.0733071 -6873.8 0.8
-0.39901 -7991.95 0.8
-0.239322 -7519.63 0.8
0.509351 -6491.81 0.8
0.00604947 -6985.21 0.8
-0.694308 -9229.37 0.8
-0.300836 -7688.55 0.8
-0.167175 -7340.37 0.8
0.654241 -6507.34 0.8
-0.11045 -7212.8 0.8
-0.075022 -7138.81 0.8
0.144757 -6770.85 0.8
-0.268887 -7598.9 0.8
-0.356819 -7856.19 0.8
0.597949 -6491.41 0.8
-0.468824 -8235.98 0.8
-0.457027 -8192.95 0.8
-0.187255 -7388.3 0.8
0.589727 -6490.18 0.8
-0.678468 -9147.09 0.8
-0.0611223 -7110.94 0.8
0.309536 -6592.89 0.8
0.175973 -6730.78 0.8
-0.137556 -7272.34 0.8
-0.274464 -7614.25 0.8
0.0285097 -6946.42 0.8
0.0322998 -6940.03 0.8
0.251128 -6646.48 0.8
0.244072 -6653.66 0.8
0.0701483 -6878.71 0.8
-0.908712 -10624.7 0.8
-0.457157 -8193.42 0.8
0.595214 -6490.97 0.8
0.679081 -6518.75 0.8
0.704637 -6533.46 0.8
-0.285544 -7645.11 0.8
-0.502495 -8363.06 0.8
-0.0882097 -7165.85 0.8
0.366024 -6551.15 0.8
-0.706055 -9291.87 0.8
0.136824 -6781.51 0.8
-0.554322 -8571.79 0.8
-0.75535 -9568.85 0.8
-0.619715 -8860.38 0.8
0.248838 -6648.79 0.8
0.135947 -6782.7 0.8
-0.574108 -8655.99 0.8
0.852706 -6688.37 0.8
-0.828965 -10033.5 0.8
0.709241 -6536.45 0.8
-0.725793 -9399.83 0.8
0.596986 -6491.25 0.8
0.36801 -6549.86 0.8
-0.201791 -7423.93 0.8
-0.0714085 -7131.5 0.8
0.205561 -6695.54 0.8
0.240892 -6656.95 0.8
0.681183 -6519.84 0.8
-0.435733 -8117.17 0.8
-0.110766 -7213.48 0.8
0.242104 -6655.69 0.8
0.52222 -6489.93 0.8
-0.798807 -9835.01 0.8
-0.441482 -8137.39 0.8
-0.147544 -7294.93 0.8
-0.407091 -8018.92 0.8
0.654876 -6507.6 0.8
0.276273 -6622.12 0.8
-0.288731 -7654.09 0.8
0.230014 -6668.42 0.8
0.592705 -6490.59 0.8
-0.461394 -8208.79 0.8
-0.343898 -7816.27 0.8
0.242976 -6654.79 0.8
-0.802316 -9857.49 0.8
-0.249603 -7546.8 0.8
0.0507514 -6909.58 0.8
0.307221 -6594.82 0.8
-0.505715 -8375.55 0.8
-0.478453 -8271.67 0.8
-0.469756 -8239.41 0.8
0.590545 -6490.29 0.8
0.0598915 -6894.89 0.8
-0.0148025 -7022.67 0.8
-0.287856 -7651.62 0.8
-0.595053 -8748.01 0.8
0.0146518 -6970.16 0.8
0.0221658 -6957.21 0.8
-0.00215207 -6999.78 0.8
0.493355 -6494.96 0.8
-0.848713 -10170.4 0.8
-0.214216 -7455.01 0.8
0.275803 -6622.56 0.8
0.61104 -6493.94 0.8
-0.418778 -8058.51 0.8
0.570556 -6488.34 0.8
-0.156811 -7316.21 0.8
-0.186284 -7385.95 0.8
0.664527 -6511.73 0.8
0.0853829 -6855.29 0.8
0.420252 -6520.64 0.8
0.236294 -6661.75 0.8
-0.158808 -7320.83 0.8
0.289533 -6610.06 0.8
0.052147 -6907.32 0.8
-0.478374 -8271.37 0.8
-0.0426971 -7074.98 0.8
-0.243489 -7530.59 0.8
0.285294 -6613.86 0.8
-0.195165 -7407.59 0.8
0.122357 -6801.44 0.8
0.547549 -6488.01 0.8
0.507206 -6492.18 0.8
-0.102155 -7195.09 0.8
0.0792049 -6864.7 0.8
-0.217507 -7463.35 0.8
-0.123516 -7241.18 0.8
-0.180365 -7371.69 0.8
0.529267 -6489.16 0.8
0.539625 -6488.35 0.8
0.13454 -6784.61 0.8
0.198994 -6703.13 0.8
0.0892986 -6849.39 0.8
0.538963 -6488.39 0.8
-0.678312 -9146.29 0.8
-0.153184 -7307.84 0.8
-0.747884 -9525.29 0.8
0.434141 -6514.37 0.8
-0.384053 -7942.86 0.8
0.00471089 -6987.57 0.8
0.15423 -6758.37 0.8
0.438703 -6512.46 0.8
0.0729794 -6874.31 0.8
0.558709 -6487.92 0.8
-0.677828 -9143.81 0.8
-0.394924 -7978.43 0.8
0.63349 -6499.91 0.8
0.156873 -6754.94 0.8
0.376557 -6544.48 0.8
0.151013 -6762.58 0.8
0.527282 -6489.36 0.8
0.498531 -6493.84 0.8
-0.423143 -8073.47 0.8
0.149427 -6764.67 0.8
0.68665 -6522.78 0.8
-0.31773 -7737.7 0.8
-0.288613 -7653.75 0.8
0.442088 -6511.08 0.8
-0.138151 -7273.68 0.8
-0.277087 -7621.51 0.8
-0.858328 -10239.2 0.8
0.587177 -6489.85 0.8
-0.213475 -7453.14 0.8
-0.510734 -8395.14 0.8
0.436862 -6513.22 0.8
-0.396542 -7983.77 0.8
0.73046 -6551.58 0.8
0.573087 -6488.5 0.8
-0.129407 -7254.17 0.8
-0.576514 -8666.4 0.8
0.377859 -6543.68 0.8
-0.218563 -7466.03 0.8
-0.0128213 -7019.05 0.8
-0.0833075 -7155.73 0.8
0.566911 -6488.15 0.8
-0.115207 -7223.07 0.8
-0.0146763 -7022.44 0.8
0.347774 -6563.54 0.8
0.333856 -6573.69 0.8
-0.230894 -7497.67 0.8
0.0016778 -6992.95 0.8
-0.359062 -7863.2 0.8
-0.446615 -8155.6 0.8
0.435428 -6513.83 0.8
0.748716 -6566.45 0.8
0.203466 -6697.95 0.8
-0.0253553 -7042.16 0.8
0.437847 -6512.81 0.8
-0.0979262 -7186.16 0.8
0.0618878 -6891.71 0.8
0.61512 -6494.87 0.8
-0.475974 -8262.43 0.8
0.373451 -6546.41 0.8
-0.855736 -10220.5 0.8
0.756676 -6573.5 0.8
-0.0999119 -7190.35 0.8
-0.233575 -7504.62 0.8
-0.578959 -8677.03 0.8
0.0612096 -6892.79 0.8
-0.588755 -8720.02 0.8
0.0175776 -6965.1 0.8
0.583278 -6489.4 0.8
0.289278 -6610.29 0.8
0.00186761 -6992.61 0.8
0.193242 -6709.89 0.8
-0.297027 -7677.64 0.8
0.289214 -6610.34 0.8
-0.601154 -8775.4 0.8
-0.288031 -7652.11 0.8
0.951949 -6879.55 0.8
0.401954 -6529.87 0.8
-0.317067 -7735.75 0.8
0.306626 -6595.31 0.8
0.219031 -6680.38 0.8
-0.147384 -7294.57 0.8
0.417536 -6521.94 0.8
-0.711628 -9321.96 0.8
0.609481 -6493.6 0.8
-0.0610728 -7110.84 0.8
0.331052 -6575.81 0.8
0.194844 -6707.99 0.8
0.469485 -6501.34 0.8
-0.590571 -8728.06 0.8
0.951738 -6879.04 0.8
0.465667 -6502.55 0.8
-0.169153 -7345.03 0.8
-0.970559 -11167.9 0.8
0.430733 -6515.85 0.8
0.403599 -6529 0.8
0.4253 -6518.29 0.8
-0.644632 -8978.57 0.8
0.46107 -6504.06 0.8
0.232348 -6665.93 0.8
-0.0332248 -7056.93 0.8
-0.568967 -8633.86 0.8
-0.671476 -9111.48 0.8
-0.481917 -8284.63 0.8
-0.859381 -10246.8 0.8
-0.621593 -8869.12 0.8
-0.58258 -8692.84 0.8
0.0576121 -6898.53 0.8
0.0255452 -6951.45 0.8
0.206572 -6694.38 0.8
0.203163 -6698.29 0.8
-0.423491 -8074.67 0.8
-0.74519 -9509.72 0.8
-0.0141718 -7021.52 0.8
-0.245291 -7535.35 0.8
-0.46283 -8214.02 0.8
0.713453 -6539.27 0.8
-0.348725 -7831.09 0.8
0.766502 -6582.68 0.8
-0.170825 -7348.97 0.8
-0.00922851 -7012.52 0.8
-0.163221 -7331.11 0.8
0.973097 -6932.8 0.8
-0.869428 -10320.4 0.8
0.0664864 -6884.45 0.8
-0.0162908 -7025.4 0.8
-0.370263 -7898.54 0.8
-0.545183 -8533.77 0.8
0.511502 -6491.45 0.8
-0.538431 -8506.02 0.8
0.170037 -6738.17 0.8
0.479849 -6498.33 0.8
-0.492979 -8326.49 0.8
-0.672497 -9116.65 0.8
0.144916 -6770.64 0.8
-0.164546 -7334.21 0.8
0.580125 -6489.08 0.8
0.407314 -6527.05 0.8
-0.558552 -8589.57 0.8
0.285625 -6613.56 0.8
-0.258665 -7571.1 0.8
0.380096 -6542.32 0.8
0.0374806 -6931.37 0.8
0.0181263 -6964.15 0.8
-0.909592 -10631.9 0.8
-0.465514 -8223.83 0.8
0.238876 -6659.05 0.8
0.582686 -6489.33 0.8
-0.212468 -7450.61 0.8
0.737411 -6557.03 0.8
0.0868393 -6853.09 0.8
0.534389 -6488.71 0.8
0.190176 -6713.53 0.8
-0.423036 -8073.1 0.8
-0.00513458 -7005.13 0.8
0.370927 -6548 0.8
-0.289021 -7654.9 0.8
0.151096 -6762.47 0.8
-0.448783 -8163.33 0.8
0.0789227 -6865.14 0.8
-0.541269 -8517.65 0.8
-0.239742 -7520.73 0.8
-0.674471 -9126.68 0.8
0.773817 -6589.86 0.8
-0.0122799 -7018.06 0.8
-0.0752575 -7139.29 0.8
-0.266318 -7591.87 0.8
0.202946 -6698.54 0.8
0.735224 -6555.29 0.8
0.530531 -6489.04 0.8
0.342934 -6567 0.8
-0.551342 -8559.34 0.8
-0.457174 -8193.48 0.8
0.668806 -6513.69 0.8
0.464867 -6502.8 0.8
0.339597 -6569.43 0.8
0.161626 -6748.83 0.8
-0.560758 -8598.89 0.8
0.12853 -6792.85 0.8
0.429731 -6516.3 0.8
0.467615 -6501.93 0.8
-0.33696 -7795.14 0.8
-0.415837 -8048.49 0.8
-0.716968 -9351.09 0.8
0.848307 -6681.78 0.8
-0.407457 -8020.15 0.8
0.0520892 -6907.41 0.8
-0.212498 -7450.68 0.8
-0.211196 -7447.41 0.8
-0.827541 -10023.9 0.8
0.311622 -6591.17 0.8
0.241821 -6655.98 0.8
-0.685225 -9181.92 0.8
-0.484294 -8293.57 0.8
-0.598312 -8762.61 0.8
0.149106 -6765.09 0.8
0.332344 -6574.83 0.8
-0.750675 -9541.5 0.8
-0.0380061 -7066.01 0.8
-0.175859 -7360.92 0.8
-0.289157 -7655.29 0.8
0.545584 -6488.07 0.8
-0.63283 -8921.99 0.8
-0.202994 -7426.91 0.8
0.732256 -6552.96 0.8
-0.109441 -7210.64 0.8
-0.00544806 -7005.69 0.8
0.45125 -6507.54 0.8
-0.569211 -8634.91 0.8
-0.412263 -8036.36 0.8
-0.0279427 -7047 0.8
0.731302 -6552.22 0.8
0.0729712 -6874.32 0.8
-0.503537 -8367.09 0.8
-0.108876 -7209.42 0.8
0.272462 -6625.69 0.8
-0.638472 -8948.9 0.8
0.634045 -6500.09 0.8
-0.372152 -7904.56 0.8
-0.0275378 -7046.24 0.8
0.926212 -6821.32 0.8
0.960721 -6901.01 0.8
-0.603167 -8784.49 0.8
-0.421381 -8067.42 0.8
-0.0523416 -7093.66 0.8
0.634657 -6500.28 0.8
-0.734047 -9446.11 0.8
0.126593 -6795.53 0.8
0.44392 -6510.35 0.8
-0.472959 -8251.24 0.8
0.515688 -6490.81 0.8
-0.435675 -8116.96 0.8
0.780921 -6597.14 0.8
0.0814685 -6861.24 0.8
0.35045 -6561.66 0.8
0.407977 -6526.71 0.8
-0.609614 -8813.82 0.8
0.475461 -6499.56 0.8
-0.367639 -7890.21 0.8
-0.322763 -7752.58 0.8
0.0606798 -6893.63 0.8
0.0761002 -6869.48 0.8
-0.55546 -8576.56 0.8
-0.0842499 -7157.67 0.8
0.345492 -6565.16 0.8
-0.511404 -8397.77 0.8
0.892085 -6753.94 0.8
0.247208 -6650.45 0.8
-0.387984 -7955.65 0.8
0.155564 -6756.64 0.8
0.38281 -6540.69 0.8
0.100147 -6833.28 0.8
0.445565 -6509.7 0.8
0.364437 -6552.18 0.8
-0.223539 -7478.73 0.8
0.269586 -6628.41 0.8
-0.151223 -7303.34 0.8
-0.295601 -7673.57 0.8
-0.711732 -9322.53 0.8
-0.105511 -7202.23 0.8
0.440977 -6511.53 0.8
-0.132404 -7260.82 0.8
-0.24929 -7545.97 0.8
-0.719987 -9367.67 0.8
0.733721 -6554.11 0.8
-0.332229 -7780.86 0.8
-0.2781 -7624.32 0.8
-0.474651 -8257.51 0.8
0.151765 -6761.59 0.8
0.698602 -6529.71 0.8
0.155855 -6756.26 0.8
0.780975 -6597.2 0.8
-0.0196991 -7031.67 0.8
0.401568 -6530.08 0.8
-0.340564 -7806.09 0.8
-0.639102 -8951.92 0.8
0.204127 -6697.18 0.8
-0.545243 -8534.01 0.8
-0.275199 -7616.28 0.8
-0.193744 -7404.11 0.8
-0.465669 -8224.4 0.8
-0.493505 -8328.5 0.8
0.809829 -6629.86 0.8
0.425352 -6518.27 0.8
0.660375 -6509.9 0.8
0.192271 -6711.04 0.8
-0.263254 -7583.52 0.8
-0.244478 -7533.2 0.8
0.315993 -6587.62 0.8
0.436283 -6513.46 0.8
-0.506659 -8379.23 0.8
-0.469012 -8236.67 0.8
-0.654947 -9028.94 0.8
-0.306243 -7704.15 0.8
0.74906 -6566.75 0.8
0.917689 -6803.49 0.8
-0.579814 -8680.76 0.8
-0.922498 -10738.4 0.8
-0.531628 -8478.35 0.8
-0.681461 -9162.47 0.8
-0.544424 -8530.63 0.8
0.407427 -6526.99 0.8
-0.00463789 -7004.24 0.8
-0.145997 -7291.41 0.8
-0.235326 -7509.18 0.8
0.298327 -6602.36 0.8
0.349563 -6562.28 0.8
-0.0207085 -7033.53 0.8
-0.334444 -7787.53 0.8
0.0668916 -6883.81 0.8
-0.287263 -7649.95 0.8
-0.424104 -8076.78 0.8
0.353205 -6559.74 0.8
-0.37639 -7918.12 0.8
0.247981 -6649.66 0.8
0.108671 -6820.88 0.8
0.569855 -6488.3 0.8
0.215022 -6684.83 0.8
0.0859128 -6854.49 0.8
-0.489608 -8313.66 0.8
-0.0960501 -7182.21 0.8
-0.577835 -8672.14 0.8
0.909865 -6787.73 0.8
0.13805 -6779.85 0.8
0.0105884 -6977.24 0.8
0.417457 -6521.98 0.8
0.823599 -6647.3 0.8
0.457193 -6505.39 0.8
-0.108422 -7208.45 0.8
-0.792846 -9797.16 0.8
-0.182105 -7375.87 0.8
0.0536863 -6904.83 0.8
-0.254527 -7559.96 0.8
-0.0149382 -7022.92 0.8
0.462114 -6503.71 0.8
-0.30747 -7707.71 0.8
0.0938384 -6842.61 0.8
-0.127964 -7250.98 0.8
-0.402094 -8002.2 0.8
-0.879793 -10398 0.8
0.107446 -6822.65 0.8
0.711047 -6537.65 0.8
-0.361823 -7871.86 0.8
0.262622 -6635.11 0.8
0.0500819 -6910.66 0.8
0.291557 -6608.27 0.8
0.0278379 -6947.56 0.8
0.210793 -6689.58 0.8
-0.377286 -7921 0.8
0.765835 -6582.04 0.8
0.292779 -6607.19 0.8
0.924871 -6818.47 0.8
0.00724118 -6983.11 0.8
-0.424819 -8079.24 0.8
-0.584741 -8702.33 0.8
-0.685309 -9182.35 0.8
-0.126223 -7247.13 0.8
-0.507082 -8380.87 0.8
0.500443 -6493.45 0.8
-0.292261 -7664.07 0.8
-0.3371 -7795.57 0.8
0.154195 -6758.42 0.8
-0.0773348 -7143.51 0.8
0.884313 -6740.02 0.8
0.575013 -6488.64 0.8
0.514637 -6490.96 0.8
-0.733949 -9445.56 0.8
-0.244591 -7533.5 0.8
0.214382 -6685.55 0.8
-0.115419 -7223.53 0.8
-0.870762 -10330.3 0.8
-0.650278 -9006.03 0.8
0.154738 -6757.71 0.8
0.582405 -6489.31 0.8
-0.811766 -9918.84 0.8
0.212078 -6688.13 0.8
-0.696258 -9239.66 0.8
0.145175 -6770.29 0.8
0.77362 -6589.67 0.8
-0.555726 -8577.68 0.8
0.576275 -6488.74 0.8
-0.733038 -9440.42 0.8
-0.2159 -7459.27 0.8
0.0674148 -6882.99 0.8
-0.472025 -8247.79 0.8
-0.306723 -7705.54 0.8
-0.0282189 -7047.51 0.8
0.684156 -6521.42 0.8
-0.362475 -7873.91 0.8
-0.838341 -10097.8 0.8
0.435768 -6513.68 0.8
-0.490529 -8317.16 0.8
-0.670409 -9106.08 0.8
-0.670395 -9106.01 0.8
0.174232 -6732.93 0.8
-0.430607 -8099.28 0.8
0.667058 -6512.88 0.8
-0.0818047 -7152.64 0.8
0.429119 -6516.57 0.8
0.0697511 -6879.33 0.8
0.375892 -6544.89 0.8
0.319852 -6584.52 0.8
-0.126786 -7248.38 0.8
0.711238 -6537.78 0.8
-0.477957 -8269.82 0.8
-0.520601 -8434.11 0.8
-0.515361 -8413.34 0.8
0.676767 -6517.56 0.8
-0.082697 -7154.48 0.8
0.262461 -6635.26 0.8
0.561498 -6487.97 0.8
0.0326119 -6939.51 0.8
-0.715728 -9344.3 0.8
0.129802 -6791.1 0.8
0.768756 -6584.86 0.8
-0.138273 -7273.95 0.8
0.0057499 -6985.74 0.8
0.173808 -6733.46 0.8
0.431797 -6515.39 0.8
-0.233995 -7505.71 0.8
-0.0440478 -7077.58 0.8
-0.738227 -9469.82 0.8
0.157141 -6754.6 0.8
-0.0380713 -7066.13 0.8
-0.115764 -7224.27 0.8
-0.0477058 -7084.64 0.8
-0.781494 -9726.3 0.8
-0.374512 -7912.1 0.8
0.0905378 -6847.53 0.8
0.2549 -6642.7 0.8
-0.304395 -7698.81 0.8
-0.448195 -8161.23 0.8
-0.723083 -9384.78 0.8
0.695228 -6527.68 0.8
-0.000806163 -6997.37 0.8
-0.342489 -7811.96 0.8
-0.728618 -9415.59 0.8
-0.487249 -8304.72 0.8
0.352951 -6559.92 0.8
0.368773 -6549.38 0.8
0.655693 -6507.93 0.8
-0.268896 -7598.92 0.8
0.00744395 -6982.76 0.8
-0.413562 -8040.76 0.8
-0.593498 -8741.08 0.8
-0.564091 -8613.04 0.8
-0.443841 -8145.74 0.8
-0.252673 -7554.99 0.8
0.518457 -6490.42 0.8
-0.399126 -7992.33 0.8
0.336655 -6571.6 0.8
0.434714 -6514.13 0.8
0.736856 -6556.59 0.8
-0.048858 -7086.88 0.8
0.0780122 -6866.53 0.8
0.257172 -6640.45 0.8
0.340715 -6568.61 0.8
-0.325855 -7761.77 0.8
-0.304957 -7700.43 0.8
-0.603707 -8786.94 0.8
0.519765 -6490.24 0.8
0.460068 -6504.4 0.8
0.0732059 -6873.96 0.8
0.129813 -6791.08 0.8
-0.105227 -7201.62 0.8
0.452031 -6507.25 0.8
0.479785 -6498.35 0.8
-0.543172 -8525.47 0.8
-0.150346 -7301.33 0.8
-0.293056 -7666.33 0.8
0.0205518 -6959.98 0.8
-0.276613 -7620.19 0.8
-0.159844 -7323.24 0.8
-0.217553 -7463.46 0.8
0.740004 -6559.13 0.8
0.190395 -6713.27 0.8
0.298454 -6602.25 0.8
0.760215 -6576.74 0.8
-0.505382 -8374.25 0.8
-0.568837 -8633.3 0.8
0.101881 -6830.74 0.8
-0.403775 -8007.82 0.8
0.492126 -6495.24 0.8
0.344393 -6565.95 0.8
-0.686478 -9188.42 0.8
0.38084 -6541.87 0.8
0.218007 -6681.51 0.8
-0.243115 -7529.61 0.8
-0.68151 -9162.72 0.8
0.512337 -6491.32 0.8
-0.635698 -8935.64 0.8
0.376965 -6544.23 0.8
-0.412315 -8036.53 0.8
0.477118 -6499.09 0.8
0.4838 -6497.28 0.8
-0.192702 -7401.56 0.8
-0.147961 -7295.88 0.8
0.291 -6608.76 0.8
-0.642205 -8966.84 0.8
-0.341515 -7808.99 0.8
-0.741827 -9490.39 0.8
-0.0301299 -7051.1 0.8
0.0993581 -6834.44 0.8
-0.317749 -7737.76 0.8
-0.00118416 -6998.05 0.8
-0.575379 -8661.49 0.8
-0.63559 -8935.12 0.8
0.0711116 -6877.21 0.8
0.243931 -6653.81 0.8
0.637886 -6501.33 0.8
0.547104 -6488.02 0.8
-0.493803 -8329.63 0.8
0.739135 -6558.43 0.8
-0.554238 -8571.44 0.8
0.100496 -6832.77 0.8
-0.300689 -7688.13 0.8
-0.659792 -9052.89 0.8
-0.736331 -9459.05 0.8
0.0592949 -6895.84 0.8
-0.464061 -8218.52 0.8
0.505887 -6492.41 0.8
-0.575015 -8659.91 0.8
0.234377 -6663.78 0.8
0.520435 -6490.15 0.8
-0.308672 -7711.2 0.8
-0.829774 -10039 0.8
0.595529 -6491.02 0.8
-0.177562 -7364.98 0.8
-0.00753191 -7009.45 0.8
-0.665178 -9079.75 0.8
-0.325238 -7759.93 0.8
0.488375 -6496.13 0.8
0.440838 -6511.58 0.8
-0.607021 -8801.99 0.8
-0.574036 -8655.68 0.8
0.613481 -6494.48 0.8
0.173721 -6733.57 0.8
0.424269 -6518.76 0.8
0.0238946 -6954.26 0.8
-0.761618 -9605.89 0.8
0.117059 -6808.9 0.8
0.0307137 -6942.7 0.8
-0.635503 -8934.71 0.8
0.752533 -6569.79 0.8
-0.0380233 -7066.04 0.8
0.147349 -6767.41 0.8
-0.375801 -7916.23 0.8
-0.607625 -8804.74 0.8
0.551431 -6487.92 0.8
-0.0403285 -7070.44 0.8
0.365586 -6551.43 0.8
-0.213003 -7451.95 0.8
-0.0775724 -7143.99 0.8
0.43274 -6514.98 0.8
0.322288 -6582.6 0.8
-0.394125 -7975.8 0.8
-0.124196 -7242.67 0.8
0.311621 -6591.17 0.8
0.0505367 -6909.93 0.8
0.262669 -6635.06 0.8
0.5633 -6488.02 0.8
-0.20779 -7438.87 0.8
-0.159874 -7323.31 0.8
0.847744 -6680.95 0.8
0.656446 -6508.24 0.8
-0.226588 -7486.55 0.8
0.787977 -6604.66 0.8
0.408856 -6526.26 0.8
0.564391 -6488.05 0.8
-0.675629 -9132.58 0.8
0.452662 -6507.02 0.8
0.76916 -6585.25 0.8
-0.00514788 -7005.15 0.8
0.260204 -6637.46 0.8
-0.240516 -7522.76 0.8
-0.132012 -7259.95 0.8
0.27084 -6627.22 0.8
0.347714 -6563.58 0.8
-0.152262 -7305.73 0.8
0.147667 -6766.99 0.8
0.253509 -6644.09 0.8
-0.387062 -7952.65 0.8
0.776009 -6592.08 0.8
-0.498462 -8347.49 0.8
-0.23597 -7510.86 0.8
0.56308 -6488.01 0.8
0.203269 -6698.17 0.8
-0.551199 -8558.74 0.8
-0.723916 -9389.39 0.8
0.0569842 -6899.53 0.8
-0.378791 -7925.84 0.8
0.75185 -6569.19 0.8
-0.599977 -8770.1 0.8
-0.0890918 -7167.68 0.8
0.234198 -6663.97 0.8
0.993811 -6990.24 0.8
-0.320115 -7744.73 0.8
-0.812706 -9925.01 0.8
-0.446366 -8154.71 0.8
-0.499165 -8350.2 0.8
-0.47961 -8275.99 0.8
0.380943 -6541.81 0.8
0.85949 -6698.81 0.8
0.282703 -6616.21 0.8
0.277459 -6621.02 0.8
0.600836 -6491.91 0.8
0.777915 -6594.02 0.8
0.446372 -6509.39 0.8
-0.272726 -7609.45 0.8
0.226515 -6672.19 0.8
-0.372316 -7905.08 0.8
-0.408728 -8024.43 0.8
-0.593325 -8740.31 0.8
-0.266223 -7591.61 0.8
-0.818681 -9964.48 0.8
0.209178 -6691.41 0.8
0.189783 -6714 0.8
-0.698884 -9253.56 0.8
0.53897 -6488.39 0.8
0.625921 -6497.66 0.8
0.590641 -6490.3 0.8
-0.397689 -7987.57 0.8
-0.554216 -8571.35 0.8
0.181331 -6724.2 0.8
0.100287 -6833.08 0.8
-0.418324 -8056.96 0.8
-0.0319734 -7054.57 0.8
-0.568314 -8631.06 0.8
-0.0540346 -7096.97 0.8
-0.0426169 -7074.83 0.8
-0.302382 -7693 0.8
0.235134 -6662.98 0.8
0.420326 -6520.61 0.8
-0.324386 -7757.4 0.8
0.497141 -6494.13 0.8
0.395324 -6533.48 0.8
0.350709 -6561.47 0.8
-0.670882 -9108.47 0.8
-0.0890064 -7167.51 0.8
0.624428 -6497.25 0.8
-0.737873 -9467.81 0.8
-0.247874 -7542.2 0.8
-0.00335845 -7001.94 0.8
-0.566119 -8621.68 0.8
-0.769827 -9655.07 0.8
-0.570863 -8642 0.8
-0.340527 -7805.98 0.8
0.358966 -6555.82 0.8
0.776682 -6592.76 0.8
0.140493 -6776.55 0.8
-0.500863 -8356.75 0.8
-0.773024 -9674.44 0.8
0.108514 -6821.11 0.8
0.37669 -6544.4 0.8
-0.49685 -8341.3 0.8
-0.213447 -7453.08 0.8
0.266445 -6631.41 0.8
0.112332 -6815.62 0.8
-0.585804 -8707 0.8
-0.416121 -8049.45 0.8
-0.770701 -9660.35 0.8
0.667548 -6513.1 0.8
0.0576562 -6898.46 0.8
-0.833177 -10062.3 0.8
0.047644 -6914.63 0.8
0.812121 -6632.68 0.8
0.436791 -6513.25 0.8
0.427162 -6517.44 0.8
0.410971 -6525.19 0.8
0.384824 -6539.5 0.8
0.25175 -6645.85 0.8
-0.164879 -7334.99 0.8
-0.954008 -11013.8 0.8
-0.514228 -8408.87 0.8
-0.332671 -7782.19 0.8
0.216216 -6683.5 0.8
0.23666 -6661.37 0.8
0.642283 -6502.83 0.8
0.412847 -6524.24 0.8
-0.419685 -8061.61 0.8
0.946416 -6866.45 0.8
0.448819 -6508.45 0.8
-0.397657 -7987.46 0.8
0.212912 -6687.2 0.8
-0.666742 -9087.6 0.8
0.394682 -6533.84 0.8
0.512073 -6491.36 0.8
0.278511 -6620.05 0.8
0.207096 -6693.78 0.8
0.803447 -6622.2 0.8
0.137742 -6780.26 0.8
0.384706 -6539.57 0.8
-0.337619 -7797.14 0.8
-0.374057 -7910.64 0.8
-0.253851 -7558.15 0.8
-0.375703 -7915.92 0.8
-0.51203 -8400.23 0.8
0.0691955 -6880.2 0.8
-0.371764 -7903.32 0.8
0.228882 -6669.64 0.8
0.743228 -6561.79 0.8
-0.510796 -8395.39 0.8
-0.133084 -7262.34 0.8
-0.521993 -8439.65 0.8
-0.65557 -9032.01 0.8
0.321744 -6583.02 0.8
0.390766 -6536.05 0.8
0.472731 -6500.36 0.8
0.700088 -6530.62 0.8
-0.282807 -7637.44 0.8
0.059286 -6895.85 0.8
0.322373 -6582.53 0.8
0.43072 -6515.86 0.8
-0.281472 -7633.71 0.8
0.221366 -6677.8 0.8
0.468464 -6501.66 0.8
-0.633505 -8925.19 0.8
-0.370797 -7900.24 0.8
0.266934 -6630.94 0.8
-0.365188 -7882.46 0.8
-0.0805597 -7150.09 0.8
-0.477197 -8266.98 0.8
-0.569671 -8636.88 0.8
-0.0498872 -7088.88 0.8
-0.0399757 -7069.77 0.8
0.053239 -6905.55 0.8
-0.204953 -7431.79 0.8
0.0434994 -6921.42 0.8
-0.225741 -7484.37 0.8
0.0698626 -6879.16 0.8
0.652948 -6506.82 0.8
0.196926 -6705.55 0.8
0.130881 -6789.62 0.8
-0.13294 -7262.02 0.8
0.802266 -6620.8 0.8
0.362613 -6553.38 0.8
-0.0332812 -7057.04 0.8
0.323705 -6581.48 0.8
0.855855 -6693.18 0.8
-0.00905397 -7012.2 0.8
-0.019167 -7030.69 0.8
0.141344 -6775.41 0.8
0.679034 -6518.72 0.8
-0.17431 -7357.23 0.8
0.27372 -6624.51 0.8
0.0939777 -6842.4 0.8
0.869642 -6715.09 0.8
-0.580092 -8681.97 0.8
-0.780886 -9722.55 0.8
-0.163671 -7332.16 0.8
0.0437053 -6921.08 0.8
0.313641 -6589.52 0.8
-0.0534185 -7095.77 0.8
-0.444728 -8148.89 0.8
0.564009 -6488.04 0.8
0.208337 -6692.37 0.8
-0.674399 -9126.32 0.8
0.777711 -6593.81 0.8
0.348745 -6562.85 0.8
-0.236184 -7511.42 0.8
-0.177622 -7365.12 0.8
-0.149799 -7300.08 0.8
-0.070044 -7128.75 0.8
-0.0654014 -7119.45 0.8
0.168055 -6740.66 0.8
-0.614217 -8834.94 0.8
0.310935 -6591.74 0.8
-0.747534 -9523.26 0.8
0.607016 -6493.08 0.8
0.596129 -6491.11 0.8
-0.142974 -7284.55 0.8
0.0162472 -6967.4 0.8
0.157285 -6754.41 0.8
0.0119053 -6974.94 0.8
0.227206 -6671.44 0.8
0.283134 -6615.81 0.8
0.57291 -6488.49 0.8
0.270279 -6627.75 0.8
-0.471144 -8244.53 0.8
-0.607529 -8804.3 0.8
-0.74199 -9491.32 0.8
-0.487354 -8305.12 0.8
0.707148 -6535.08 0.8
-0.500686 -8356.06 0.8
-0.535322 -8493.34 0.8
0.69285 -6526.29 0.8
-0.725572 -9398.6 0.8
-0.927769 -10783 0.8
0.743325 -6561.88 0.8
-0.759009 -9590.42 0.8
0.766949 -6583.11 0.8
-0.52096 -8435.54 0.8
0.283341 -6615.63 0.8
-0.0610772 -7110.85 0.8
0.0439371 -6920.7 0.8
-0.607925 -8806.11 0.8
0.703864 -6532.97 0.8
0.671201 -6514.83 0.8
-0.757951 -9584.17 0.8
0.243406 -6654.35 0.8
0.124579 -6798.33 0.8
0.173995 -6733.23 0.8
0.482787 -6497.54 0.8
0.546636 -6488.03 0.8
0.144727 -6770.89 0.8
-0.00525261 -7005.34 0.8
-0.367329 -7889.23 0.8
-0.484772 -8295.37 0.8
-0.177425 -7364.65 0.8
-0.793869 -9803.63 0.8
0.201037 -6700.75 0.8
0.851568 -6686.65 0.8
-0.767786 -9642.77 0.8
-0.0258439 -7043.07 0.8
0.00963417 -6978.91 0.8
-0.687915 -9195.89 0.8
0.0359521 -6933.92 0.8
0.194055 -6708.93 0.8
0.25456 -6643.04 0.8
-0.209806 -7443.92 0.8
0.675163 -6516.76 0.8
0.433104 -6514.82 0.8
-0.10497 -7201.08 0.8
-0.582451 -8692.28 0.8
0.426003 -6517.97 0.8
-0.265023 -7588.34 0.8
0.020919 -6959.35 0.8
-0.579528 -8679.51 0.8
-0.727247 -9407.93 0.8
-0.350352 -7836.12 0.8
0.209765 -6690.75 0.8
0.0610964 -6892.97 0.8
-0.194403 -7405.72 0.8
-0.56917 -8634.73 0.8
-0.597514 -8759.03 0.8
-0.757303 -9580.34 0.8
0.00543545 -6986.29 0.8
0.146713 -6768.25 0.8
-0.318083 -7738.74 0.8
0.185655 -6718.95 0.8
0.688801 -6523.98 0.8
-0.962082 -11088.1 0.8
-0.323182 -7753.82 0.8
-0.113815 -7220.05 0.8
-0.620592 -8864.46 0.8
0.591684 -6490.45 0.8
-0.817449 -9956.3 0.8
-0.249181 -7545.68 0.8
0.214961 -6684.9 0.8
-0.684171 -9176.46 0.8
0.19084 -6712.74 0.8
-0.501299 -8358.43 0.8
-0.666514 -9086.45 0.8
-0.476842 -8265.66 0.8
-0.386484 -7950.76 0.8
-0.506204 -8377.45 0.8
-0.392053 -7968.98 0.8
0.19104 -6712.5 0.8
-0.339966 -7804.27 0.8
-0.00522414 -7005.29 0.8
-0.329802 -7773.57 0.8
-0.162465 -7329.34 0.8
0.324888 -6580.56 0.8
0.113083 -6814.55 0.8
-0.028604 -7048.23 0.8
0.104431 -6827.02 0.8
-0.365077 -7882.11 0.8
0.457725 -6505.21 0.8
0.126094 -6796.23 0.8
0.537646 -6488.48 0.8
-0.288947 -7654.7 0.8
0.249081 -6648.55 0.8
-0.650882 -9008.98 0.8
0.796328 -6613.94 0.8
0.0888242 -6850.1 0.8
-0.601461 -8776.78 0.8
0.135628 -6783.13 0.8
0.0157967 -6968.18 0.8
0.625642 -6497.58 0.8
0.721374 -6544.82 0.8
0.072173 -6875.56 0.8
-0.450895 -8170.88 0.8
0.0108966 -6976.7 0.8
-0.172227 -7352.29 0.8
-0.809511 -9904.09 0.8
-0.642557 -8968.55 0.8
-0.0856255 -7160.51 0.8
0.613041 -6494.38 0.8
-0.12246 -7238.87 0.8
0.936658 -6844.13 0.8
-0.275706 -7617.68 0.8
0.295117 -6605.14 0.8
-0.401862 -8001.43 0.8
0.185765 -6718.82 0.8
0.336453 -6571.75 0.8
0.628755 -6498.47 0.8
-0.62867 -8902.3 0.8
0.105284 -6825.78 0.8
-0.23844 -7517.32 0.8
0.0960334 -6839.35 0.8
-0.0855326 -7160.31 0.8
0.271808 -6626.31 0.8
-0.403921 -8008.31 0.8
-0.111096 -7214.19 0.8
-0.170736 -7348.77 0.8
0.631145 -6499.19 0.8
0.0592086 -6895.98 0.8
-0.137675 -7272.61 0.8
0.855018 -6691.89 0.8
-0.330273 -7774.98 0.8
-0.339532 -7802.95 0.8
0.0117235 -6975.26 0.8
0.288369 -6611.1 0.8
-0.0200558 -7032.33 0.8
-0.306321 -7704.38 0.8
0.192737 -6710.49 0.8
0.253505 -6644.09 0.8
0.209346 -6691.22 0.8
-0.784942 -9747.66 0.8
0.854231 -6690.69 0.8
0.494116 -6494.79 0.8
0.379176 -6542.88 0.8
0.381271 -6541.61 0.8
-0.219519 -7468.46 0.8
-0.753659 -9558.93 0.8
0.230179 -6668.25 0.8
-0.650009 -9004.72 0.8
-0.292487 -7664.72 0.8
-0.170865 -7349.07 0.8
-0.552794 -8565.4 0.8
0.140513 -6776.53 0.8
-0.301798 -7691.32 0.8
0.38918 -6536.96 0.8
-0.145314 -7289.86 0.8
0.824915 -6649.03 0.8
0.469188 -6501.43 0.8
0.49216 -6495.23 0.8
-0.764739 -9624.5 0.8
0.446183 -6509.46 0.8
0.689825 -6524.56 0.8
-0.824288 -10002 0.8
0.108601 -6820.98 0.8
-0.805761 -9879.72 0.8
0.615182 -6494.88 0.8
-0.130258 -7256.06 0.8
0.705007 -6533.7 0.8
-0.052223 -7093.43 0.8
0.63435 -6500.18 0.8
-0.248352 -7543.47 0.8
-0.402727 -8004.32 0.8
0.206656 -6694.28 0.8
0.155688 -6756.48 0.8
0.380635 -6542 0.8
-0.381385 -7934.21 0.8
0.493623 -6494.9 0.8
-0.74483 -9507.64 0.8
0.416614 -6522.39 0.8
0.269427 -6628.56 0.8
-0.198846 -7416.65 0.8
0.505723 -6492.44 0.8
0.710258 -6537.12 0.8
-0.728605 -9415.52 0.8
0.467477 -6501.97 0.8
0.0212026 -6958.86 0.8
-0.178369 -7366.91 0.8
0.0195149 -6961.76 0.8
-0.379657 -7928.63 0.8
-0.176349 -7362.09 0.8
0.489303 -6495.91 0.8
-0.901754 -10568.8 0.8
0.492555 -6495.14 0.8
-0.330276 -7774.99 0.8
0.53357 -6488.78 0.8
0.219171 -6680.22 0.8
-0.084404 -7157.99 0.8
0.743795 -6562.27 0.8
0.360888 -6554.53 0.8
0.596598 -6491.19 0.8
0.190242 -6713.45 0.8
-0.478551 -8272.03 0.8
-0.469213 -8237.41 0.8
0.511427 -6491.46 0.8
-0.698519 -9251.62 0.8
-0.590936 -8729.68 0.8
-0.329179 -7771.7 0.8
-0.645119 -8980.93 0.8
-0.305143 -7700.97 0.8
-0.43377 -8110.3 0.8
-0.146337 -7292.18 0.8
0.210626 -6689.77 0.8
0.426639 -6517.68 0.8
0.220988 -6678.22 0.8
0.62257 -6496.74 0.8
-0.0393227 -7068.52 0.8
0.477649 -6498.94 0.8
0.426288 -6517.84 0.8
-0.635679 -8935.55 0.8
-0.130899 -7257.48 0.8
-0.257789 -7568.73 0.8
0.428573 -6516.81 0.8
-0.34344 -7814.87 0.8
-0.480682 -8280 0.8
0.485077 -6496.95 0.8
0.53359 -6488.77 0.8
-0.233579 -7504.63 0.8
-0.203852 -7429.05 0.8
0.0793166 -6864.53 0.8
0.509401 -6491.8 0.8
0.810512 -6630.7 0.8
-0.160635 -7325.08 0.8
-0.280876 -7632.05 0.8
0.221719 -6677.42 0.8
-0.57836 -8674.43 0.8
-0.218922 -7466.94 0.8
0.263192 -6634.55 0.8
0.169298 -6739.1 0.8
-0.119218 -7231.78 0.8
0.234451 -6663.7 0.8
-0.541396 -8518.17 0.8
0.214956 -6684.91 0.8
0.274463 -6623.81 0.8
-0.466923 -8228.99 0.8
-0.653345 -9021.06 0.8
0.255783 -6641.82 0.8
-0.549318 -8550.9 0.8
-0.335651 -7791.18 0.8
0.333162 -6574.22 0.8
-0.226809 -7487.12 0.8
-0.925423 -10763.1 0.8
-0.968715 -11150.4 0.8
0.36627 -6550.99 0.8
-0.74846 -9528.63 0.8
-0.82588 -10012.7 0.8
-0.204442 -7430.51 0.8
0.279572 -6619.07 0.8
-0.188068 -7390.27 0.8
0.0922415 -6844.99 0.8
0.490644 -6495.59 0.8
0.791093 -6608.07 0.8
0.654306 -6507.37 0.8
-0.318483 -7739.92 0.8
-0.284041 -7640.9 0.8
-0.27124 -7605.36 0.8
0.344093 -6566.16 0.8
0.330547 -6576.2 0.8
-0.184907 -7382.62 0.8
0.761313 -6577.76 0.8
-0.243847 -7531.54 0.8
0.538848 -6488.4 0.8
0.165513 -6743.88 0.8
0.709344 -6536.52 0.8
0.132817 -6786.96 0.8
0.31364 -6589.52 0.8
-0.634888 -8931.78 0.8
0.482144 -6497.71 0.8
0.81151 -6631.93 0.8
0.837113 -6665.63 0.8
-0.219015 -7467.18 0.8
0.0164449 -6967.06 0.8
0.021954 -6957.58 0.8
0.732073 -6552.82 0.8
0.487538 -6496.33 0.8
-0.0235182 -7038.74 0.8
-0.316213 -7733.24 0.8
-0.415603 -8047.69 0.8
-0.0624591 -7113.59 0.8
0.385286 -6539.22 0.8
0.724052 -6546.77 0.8
-0.720439 -9370.16 0.8
-0.275618 -7617.44 0.8
-0.650692 -9008.05 0.8
0.121393 -6802.79 0.8
0.0224617 -6956.71 0.8
-0.0628744 -7114.41 0.8
0.750409 -6567.92 0.8
-0.0284446 -7047.94 0.8
0.199601 -6702.42 0.8
-0.641713 -8964.48 0.8
0.385932 -6538.85 0.8
0.351796 -6560.72 0.8
0.69243 -6526.05 0.8
-0.514616 -8410.4 0.8
0.332936 -6574.39 0.8
0.385565 -6539.06 0.8
-0.314673 -7728.72 0.8
0.0595847 -6895.38 0.8
0.757453 -6574.2 0.8
0.0945533 -6841.54 0.8
-0.0871699 -7163.7 0.8
0.0067915 -6983.9 0.8
0.572427 -6488.46 0.8
-0.480382 -8278.88 0.8
0.673116 -6515.75 0.8
0.280046 -6618.64 0.8
-0.207637 -7438.48 0.8
0.210645 -6689.75 0.8
0.400099 -6530.87 0.8
0.638893 -6501.67 0.8
-0.0686535 -7125.96 0.8
0.47681 -6499.17 0.8
0.247937 -6649.71 0.8
-0.761886 -9607.49 0.8
0.188554 -6715.47 0.8
0.154055 -6758.6 0.8
-0.122413 -7238.76 0.8
-0.438136 -8125.6 0.8
-0.51513 -8412.43 0.8
-0.247115 -7540.19 0.8
-0.120759 -7235.14 0.8
0.0109827 -6976.55 0.8
0.334609 -6573.13 0.8
0.538039 -6488.45 0.8
0.585748 -6489.68 0.8
0.439214 -6512.24 0.8
0.485236 -6496.91 0.8
0.157557 -6754.06 0.8
-0.26008 -7574.92 0.8
-0.76542 -9628.58 0.8
0.554707 -6487.89 0.8
0.369403 -6548.97 0.8
0.592683 -6490.59 0.8
-0.15256 -7306.41 0.8
0.0953771 -6840.32 0.8
-0.364238 -7879.46 0.8
0.758817 -6575.45 0.8
-0.25218 -7553.68 0.8
-0.683173 -9171.3 0.8
0.0440999 -6920.43 0.8
0.429866 -6516.24 0.8
0.158992 -6752.21 0.8
0.227127 -6671.53 0.8
-0.335322 -7790.19 0.8
-0.825162 -10007.8 0.8
0.7323 -6553 0.8
0.0146912 -6970.1 0.8
0.419134 -6521.17 0.8
-0.711216 -9319.73 0.8
-0.0225554 -7036.95 0.8
0.0239307 -6954.2 0.8
-0.126842 -7248.5 0.8
-0.145678 -7290.68 0.8
-0.602645 -8782.13 0.8
0.561725 -6487.97 0.8
-0.118117 -7229.38 0.8
-0.0339436 -7058.29 0.8
0.0217441 -6957.94 0.8
0.250525 -6647.09 0.8
0.519001 -6490.34 0.8
0.385739 -6538.96 0.8
0.0989471 -6835.05 0.8
-0.283646 -7639.79 0.8
0.304462 -6597.13 0.8
0.445706 -6509.65 0.8
-0.610134 -8816.2 0.8
-0.633891 -8927.03 0.8
0.530822 -6489.01 0.8
0.658446 -6509.08 0.8
-0.388081 -7955.97 0.8
0.469964 -6501.19 0.8
-0.236616 -7512.55 0.8
-0.275993 -7618.48 0.8
-0.280851 -7631.98 0.8
-0.339174 -7801.86 0.8
-0.212134 -7449.77 0.8
0.731185 -6552.13 0.8
0.294069 -6606.06 0.8
0.429351 -6516.46 0.8
0.255372 -6642.23 0.8
-0.853927 -10207.5 0.8
0.177128 -6729.35 0.8
-0.795643 -9814.87 0.8
0.447291 -6509.03 0.8
-0.173358 -7354.97 0.8
0.307703 -6594.41 0.8
0.463408 -6503.28 0.8
0.2181 -6681.41 0.8
-0.47355 -8253.43 0.8
-0.238437 -7517.31 0.8
0.158955 -6752.26 0.8
0.358119 -6556.39 0.8
-0.132304 -7260.6 0.8
0.333011 -6574.33 0.8
-0.101631 -7193.98 0.8
0.474865 -6499.73 0.8
0.503665 -6492.82 0.8
0.612698 -6494.3 0.8
0.726834 -6548.83 0.8
0.117333 -6808.51 0.8
0.21496 -6684.9 0.8
-0.125561 -7245.68 0.8
-0.565472 -8618.92 0.8
0.484923 -6496.99 0.8
-0.368683 -7893.52 0.8
0.455193 -6506.1 0.8
-0.346752 -7825.02 0.8
-0.340651 -7806.36 0.8
0.141065 -6775.78 0.8
-0.379643 -7928.59 0.8
-0.664619 -9076.96 0.8
-0.617657 -8850.83 0.8
-0.469736 -8239.34 0.8
-0.576553 -8666.57 0.8
-0.318899 -7741.14 0.8
-0.52138 -8437.21 0.8
-0.30558 -7702.23 0.8
0.737699 -6557.26 0.8
-0.525047 -8451.86 0.8
-0.0251198 -7041.72 0.8
0.793288 -6610.51 0.8
-0.153416 -7308.38 0.8
0.0744607 -6872.01 0.8
-0.120812 -7235.26 0.8
0.814627 -6635.8 0.8
0.728191 -6549.85 0.8
0.104741 -6826.57 0.8
-0.134154 -7264.73 0.8
0.143942 -6771.94 0.8
0.0655869 -6885.87 0.8
0.546717 -6488.03 0.8
-0.550384 -8555.34 0.8
0.058023 -6897.87 0.8
0.297589 -6603 0.8
0.136642 -6781.75 0.8
-0.540485 -8514.43 0.8
-0.485973 -8299.9 0.8
-0.164967 -7335.19 0.8
0.437382 -6513 0.8
0.57228 -6488.45 0.8
0.440537 -6511.7 0.8
0.385833 -6538.9 0.8
-0.457457 -8194.5 0.8
-0.291622 -7662.26 0.8
-0.429199 -8094.39 0.8
-0.559827 -8594.96 0.8
-0.487447 -8305.47 0.8
-0.323598 -7755.06 0.8
-0.625346 -8886.67 0.8
-0.678933 -9149.47 0.8
0.468875 -6501.53 0.8
-0.285733 -7645.65 0.8
0.349992 -6561.98 0.8
0.240039 -6657.83 0.8
-0.292025 -7663.41 0.8
0.152655 -6760.43 0.8
0.246257 -6651.42 0.8
0.0821593 -6860.19 0.8
-0.528449 -8465.52 0.8
0.248668 -6648.97 0.8
-0.329656 -7773.13 0.8
-0.153345 -7308.21 0.8
-0.235458 -7509.53 0.8
-0.242564 -7528.15 0.8
0.580933 -6489.16 0.8
-0.71434 -9336.72 0.8
0.0463917 -6916.68 0.8
0.451634 -6507.4 0.8
-0.410158 -8029.25 0.8
-0.493564 -8328.72 0.8
-0.11391 -7220.26 0.8
-0.0621674 -7113.01 0.8
-0.246232 -7537.85 0.8
0.34938 -6562.41 0.8
-0.294862 -7671.47 0.8
0.140247 -6776.88 0.8
0.0755349 -6870.35 0.8
-0.825645 -10011.1 0.8
-0.471515 -8245.9 0.8
0.603855 -6492.46 0.8
0.312629 -6590.35 0.8
-0.719685 -9366.01 0.8
-0.619369 -8858.77 0.8
-0.672316 -9115.73 0.8
0.482798 -6497.54 0.8
0.096988 -6837.94 0.8
0.0966988 -6838.36 0.8
-0.258926 -7571.8 0.8
0.107206 -6823 0.8
-0.544336 -8530.27 0.8
0.873034 -6720.7 0.8
0.468606 -6501.61 0.8
0.821018 -6643.94 0.8
-0.703469 -9278 0.8
-0.0711593 -7131 0.8
-0.730648 -9426.97 0.8
-0.786294 -9756.07 0.8
-0.657142 -9039.76 0.8
0.550238 -6487.94 0.8
0.374176 -6545.96 0.8
-0.346436 -7824.05 0.8
0.109925 -6819.08 0.8
0.536227 -6488.57 0.8
0.5084 -6491.97 0.8
0.616677 -6495.24 0.8
0.441272 -6511.41 0.8
0.0286727 -6946.14 0.8
0.509916 -6491.71 0.8
-0.145365 -7289.97 0.8
-0.688427 -9198.56 0.8
-0.434895 -8114.23 0.8
-0.7055 -9288.88 0.8
0.313859 -6589.34 0.8
0.17154 -6736.29 0.8
-0.552289 -8563.29 0.8
0.508801 -6491.9 0.8
0.259166 -6638.48 0.8
-0.148129 -7296.27 0.8
0.081023 -6861.92 0.8
-0.659075 -9049.33 0.8
0.0506696 -6909.71 0.8
0.182511 -6722.76 0.8
-0.3435 -7815.05 0.8
0.0678873 -6882.25 0.8
-0.0595263 -7107.78 0.8
-0.107512 -7206.5 0.8
-0.0862605 -7161.82 0.8
0.0868786 -6853.03 0.8
-0.644524 -8978.05 0.8
-0.155463 -7313.09 0.8
0.116999 -6808.98 0.8
0.0785674 -6865.68 0.8
0.00511234 -6986.86 0.8
0.127628 -6794.1 0.8
-0.117228 -7227.45 0.8
-0.72881 -9416.66 0.8
0.742529 -6561.21 0.8
0.404097 -6528.73 0.8
-0.21565 -7458.64 0.8
-0.821465 -9983.03 0.8
-0.119083 -7231.49 0.8
-0.41272 -8037.9 0.8
0.517947 -6490.49 0.8
-0.899114 -10547.8 0.8
-0.762871 -9613.35 0.8
0.289328 -6610.24 0.8
-0.176707 -7362.94 0.8
-0.157488 -7317.77 0.8
0.256048 -6641.56 0.8
-0.12746 -7249.86 0.8
-0.584332 -8700.53 0.8
0.310467 -6592.12 0.8
-0.450989 -8171.22 0.8
-0.3242 -7756.85 0.8
0.345632 -6565.06 0.8
-0.731567 -9432.13 0.8
0.431914 -6515.34 0.8
-0.591411 -8731.79 0.8
0.00685255 -6983.8 0.8
0.245608 -6652.08 0.8
0.30191 -6599.29 0.8
0.187515 -6716.71 0.8
0.459818 -6504.49 0.8
-0.562013 -8604.21 0.8
-0.863824 -10279.1 0.8
0.191463 -6712 0.8
0.41926 -6521.11 0.8
0.411139 -6525.1 0.8
-0.452874 -8177.98 0.8
-0.717665 -9354.91 0.8
0.522429 -6489.91 0.8
-0.588143 -8717.31 0.8
-0.0877394 -7164.88 0.8
0.305672 -6596.11 0.8
0.5829 -6489.36 0.8
0.0192161 -6962.28 0.8
-0.108696 -7209.04 0.8
-0.164056 -7333.06 0.8
-0.122838 -7239.69 0.8
-0.774012 -9680.44 0.8
-0.0878078 -7165.02 0.8
-0.842222 -10124.8 0.8
-0.307475 -7707.72 0.8
-0.196853 -7411.74 0.8
-0.16665 -7339.14 0.8
0.759629 -6576.2 0.8
0.099554 -6834.15 0.8
0.0921763 -6845.08 0.8
-0.369187 -7895.12 0.8
0.847208 -6680.16 0.8
-0.57959 -8679.78 0.8
0.771546 -6587.6 0.8
-0.157565 -7317.95 0.8
-0.861452 -10261.8 0.8
0.380467 -6542.1 0.8
-0.0285585 -7048.15 0.8
0.264872 -6632.93 0.8
-0.523639 -8446.22 0.8
-0.0636427 -7115.94 0.8
0.202579 -6698.97 0.8
0.0909101 -6846.97 0.8
-0.301676 -7690.97 0.8
-0.118037 -7229.21 0.8
-0.801216 -9850.43 0.8
-0.416641 -8051.22 0.8
0.097252 -6837.55 0.8
0.0910884 -6846.71 0.8
0.538466 -6488.42 0.8
0.394172 -6534.13 0.8
0.17114 -6736.79 0.8
0.383905 -6540.04 0.8
-0.549585 -8552.01 0.8
-0.779181 -9712.05 0.8
-0.660149 -9054.67 0.8
-0.105402 -7202 0.8
0.46341 -6503.28 0.8
-0.156214 -7314.83 0.8
-0.271837 -7607 0.8
-0.356846 -7856.28 0.8
-0.543847 -8528.25 0.8
-0.366881 -7887.81 0.8
0.403243 -6529.18 0.8
-0.0604555 -7109.62 0.8
-0.221033 -7472.32 0.8
-0.142631 -7283.77 0.8
0.0369081 -6932.32 0.8
0.00303728 -6990.54 0.8
-0.184021 -7380.48 0.8
-0.102774 -7196.41 0.8
-0.482643 -8287.36 0.8
-0.377248 -7920.88 0.8
-0.147728 -7295.35 0.8
0.419021 -6521.23 0.8
0.0295733 -6944.62 0.8
-0.214467 -7455.65 0.8
0.469415 -6501.36 0.8
0.0127652 -6973.44 0.8
0.51842 -6490.42 0.8
-0.576226 -8665.16 0.8
0.464711 -6502.85 0.8
-0.674406 -9126.35 0.8
-0.253702 -7557.75 0.8
-0.190801 -7396.92 0.8
-0.130612 -7256.84 0.8
0.540583 -6488.3 0.8
0.450134 -6507.95 0.8
0.0737416 -6873.12 0.8
0.735016 -6555.12 0.8
-0.386027 -7949.28 0.8
-0.511857 -8399.55 0.8
0.417552 -6521.93 0.8
0.670727 -6514.6 0.8
0.23907 -6658.84 0.8
0.17259 -6734.98 0.8
-0.381808 -7935.58 0.8
0.204744 -6696.47 0.8
-0.606213 -8798.31 0.8
0.0468123 -6915.99 0.8
-0.0791841 -7147.28 0.8
-0.545876 -8536.63 0.8
-0.754559 -9564.21 0.8
0.264612 -6633.18 0.8
0.717111 -6541.8 0.8
0.685134 -6521.95 0.8
-0.749706 -9535.86 0.8
-0.350629 -7836.97 0.8
-0.528727 -8466.64 0.8
-0.0108715 -7015.5 0.8
0.410589 -6525.38 0.8
-0.495232 -8335.1 0.8
-0.368787 -7893.85 0.8
0.494185 -6494.78 0.8
0.818063 -6640.14 0.8
0.482736 -6497.56 0.8
0.0309251 -6942.34 0.8
-0.482934 -8288.45 0.8
0.454203 -6506.46 0.8
0.525095 -6489.59 0.8
0.0821986 -6860.13 0.8
0.30435 -6597.22 0.8
0.0971317 -6837.72 0.8
0.480699 -6498.1 0.8
0.61911 -6495.84 0.8
0.772371 -6588.42 0.8
0.24339 -6654.36 0.8
0.53532 -6488.64 0.8
-0.401045 -7998.71 0.8
-0.0152776 -7023.54 0.8
-0.561646 -8602.65 0.8
-0.240906 -7523.79 0.8
0.792359 -6609.48 0.8
-0.576643 -8666.96 0.8
-0.0952265 -7180.48 0.8
0.736094 -6555.98 0.8
0.603621 -6492.42 0.8
-0.582842 -8693.99 0.8
-0.13301 -7262.17 0.8
0.0549854 -6902.74 0.8
-0.401564 -8000.44 0.8
0.00896205 -6980.09 0.8
-0.0609805 -7110.66 0.8
-0.146534 -7292.63 0.8
0.726047 -6548.24 0.8
-0.555894 -8578.39 0.8
0.612643 -6494.29 0.8
-0.443381 -8144.11 0.8
0.283578 -6615.41 0.8
-0.0297218 -7050.33 0.8
-0.676804 -9138.58 0.8
0.0359997 -6933.84 0.8
-0.233699 -7504.95 0.8
-0.139952 -7277.73 0.8
-0.325919 -7761.96 0.8
-0.149322 -7298.99 0.8
-0.0182145 -7028.93 0.8
0.013274 -6972.56 0.8
-0.340904 -7807.13 0.8
0.914552 -6797.1 0.8
0.235146 -6662.96 0.8
0.335297 -6572.61 0.8
0.515638 -6490.82 0.8
0.432545 -6515.06 0.8
0.380889 -6541.84 0.8
0.34422 -6566.07 0.8
-0.755422 -9569.27 0.8
-0.0285276 -7048.09 0.8
-0.227264 -7488.29 0.8
-0.0167801 -7026.29 0.8
0.681455 -6519.98 0.8
-0.272092 -7607.7 0.8
0.0114349 -6975.76 0.8
-0.247764 -7541.91 0.8
-0.0113836 -7016.43 0.8
0.482447 -6497.63 0.8
-0.508459 -8386.25 0.8
0.537317 -6488.5 0.8
0.166848 -6742.19 0.8
0.694348 -6527.16 0.8
-0.35469 -7849.56 0.8
0.164472 -6745.2 0.8
-0.50915 -8388.95 0.8
-0.894392 -10510.5 0.8
-0.116538 -7225.95 0.8
-0.946926 -10949.9 0.8
-0.49924 -8350.49 0.8
0.236471 -6661.57 0.8
0.689051 -6524.12 0.8
0.643311 -6503.2 0.8
0.682095 -6520.32 0.8
0.175172 -6731.77 0.8
-0.34172 -7809.61 0.8
-0.0536457 -7096.21 0.8
0.323262 -6581.83 0.8
-0.191872 -7399.53 0.8
0.419458 -6521.02 0.8
0.423555 -6519.09 0.8
0.55158 -6487.92 0.8
0.247603 -6650.05 0.8
-0.113794 -7220.01 0.8
-0.685738 -9184.57 0.8
0.0412758 -6925.08 0.8
0.507775 -6492.08 0.8
-0.132656 -7261.39 0.8
0.468866 -6501.53 0.8
0.660436 -6509.93 0.8
0.473262 -6500.2 0.8
-0.416356 -8050.25 0.8
0.681783 -6520.16 0.8
0.473583 -6500.11 0.8
-0.180557 -7372.15 0.8
-0.249814 -7547.36 0.8
0.249148 -6648.48 0.8
0.338643 -6570.13 0.8
0.0694402 -6879.82 0.8
-0.223807 -7479.41 0.8
0.0424463 -6923.15 0.8
-0.166594 -7339.01 0.8
-0.614656 -8836.97 0.8
-0.129099 -7253.49 0.8
0.271002 -6627.07 0.8
-0.794477 -9807.48 0.8
-0.357046 -7856.9 0.8
-0.36191 -7872.13 0.8
0.851375 -6686.36 0.8
0.158063 -6753.41 0.8
-0.343494 -7815.03 0.8
-0.157866 -7318.65 0.8
0.639301 -6501.8 0.8
0.0748549 -6871.4 0.8
0.478669 -6498.65 0.8
0.0736403 -6873.28 0.8
-0.201072 -7422.15 0.8
0.861739 -6702.35 0.8
0.183418 -6721.66 0.8
0.399184 -6531.36 0.8
0.356357 -6557.58 0.8
0.0740664 -6872.62 0.8
-0.507708 -8383.31 0.8
0.602869 -6492.28 0.8
-0.605573 -8795.4 0.8
0.227018 -6671.65 0.8
0.488977 -6495.98 0.8
0.336607 -6571.64 0.8
-0.116786 -7226.49 0.8
0.246526 -6651.15 0.8
-0.505361 -8374.17 0.8
-0.32399 -7756.22 0.8
-0.366227 -7885.74 0.8
0.0451447 -6918.72 0.8
-0.207334 -7437.73 0.8
0.793186 -6610.4 0.8
0.779592 -6595.76 0.8
0.607693 -6493.22 0.8
0.501158 -6493.31 0.8
-0.865924 -10294.5 0.8
-0.16469 -7334.54 0.8
0.743409 -6561.95 0.8
0.116493 -6809.7 0.8
0.245467 -6652.23 0.8
-0.0905125 -7170.64 0.8
-0.160098 -7323.83 0.8
0.362005 -6553.79 0.8
0.377023 -6544.19 0.8
0.124711 -6798.15 0.8
0.166151 -6743.07 0.8
-0.491506 -8320.87 0.8
0.0932166 -6843.53 0.8
0.143164 -6772.97 0.8
0.39431 -6534.05 0.8
0.800211 -6618.4 0.8
0.470203 -6501.12 0.8
0.361281 -6554.27 0.8
0.182658 -6722.58 0.8
-0.0937696 -7177.43 0.8
0.517473 -6490.55 0.8
0.0809584 -6862.02 0.8
0.32625 -6579.5 0.8
-0.635992 -8937.04 0.8
-0.482112 -8285.36 0.8
-0.0081896 -7010.64 0.8
-0.241786 -7526.1 0.8
0.396747 -6532.7 0.8
-0.353283 -7845.19 0.8
-0.4963 -8339.19 0.8
0.38302 -6540.57 0.8
-0.41863 -8058 0.8
0.313483 -6589.65 0.8
-0.244379 -7532.94 0.8
0.20133 -6700.41 0.8
0.459723 -6504.52 0.8
-0.0868526 -7163.04 0.8
-0.106239 -7203.78 0.8
0.119051 -6806.08 0.8
0.322026 -6582.8 0.8
0.709184 -6536.41 0.8
-0.3795 -7928.13 0.8
0.157156 -6754.58 0.8
-0.838318 -10097.7 0.8
0.640772 -6502.31 0.8
0.277788 -6620.72 0.8
-0.489798 -8314.38 0.8
-0.1094 -7210.55 0.8
-0.624947 -8884.8 0.8
-0.685341 -9182.52 0.8
-0.227236 -7488.22 0.8
0.0319279 -6940.66 0.8
0.104859 -6826.4 0.8
-0.104461 -7199.99 0.8
0.188169 -6715.93 0.8
-0.420719 -8065.15 0.8
0.177637 -6728.73 0.8
-0.430758 -8099.8 0.8
0.572284 -6488.45 0.8
-0.855119 -10216.1 0.8
0.612695 -6494.3 0.8
0.390187 -6536.38 0.8
-0.139415 -7276.52 0.8
0.353897 -6559.26 0.8
-0.246487 -7538.52 0.8
0.464352 -6502.97 0.8
0.0997676 -6833.84 0.8
0.580682 -6489.13 0.8
-0.520733 -8434.63 0.8
-0.344428 -7817.89 0.8
0.256936 -6640.68 0.8
0.132914 -6786.83 0.8
-0.151463 -7303.89 0.8
-0.0439808 -7077.45 0.8
0.540146 -6488.32 0.8
0.259564 -6638.09 0.8
-0.630774 -8912.24 0.8
0.514455 -6490.99 0.8
-0.0203828 -7032.93 0.8
-0.70931 -9309.41 0.8
-0.059205 -7107.14 0.8
-0.237631 -7515.2 0.8
-0.8813 -10409.5 0.8
-0.909823 -10633.7 0.8
0.431813 -6515.38 0.8
-0.358687 -7862.03 0.8
0.178811 -6727.28 0.8
-0.24873 -7544.48 0.8
-0.834889 -10074 0.8
-0.133992 -7264.37 0.8
-0.0790737 -7147.05 0.8
-0.336326 -7793.22 0.8
-0.457595 -8195 0.8
-0.666552 -9086.65 0.8
-0.688928 -9201.17 0.8
-0.0339436 -7058.29 0.8
0.407284 -6527.07 0.8
-0.467742 -8232 0.8
0.246317 -6651.36 0.8
0.186363 -6718.1 0.8
0.770954 -6587.01 0.8
0.470774 -6500.95 0.8
-0.0262117 -7043.76 0.8
-0.457118 -8193.28 0.8
0.077269 -6867.68 0.8
0.134444 -6784.74 0.8
-0.465985 -8225.56 0.8
0.36989 -6548.66 0.8
0.156451 -6755.49 0.8
0.010141 -6978.02 0.8
0.259327 -6638.32 0.8
-0.716015 -9345.87 0.8
0.548131 -6487.99 0.8
-0.649323 -9001.37 0.8
0.656772 -6508.38 0.8
-0.404741 -8011.05 0.8
0.319999 -6584.41 0.8
-0.357653 -7858.79 0.8
0.196885 -6705.6 0.8
0.317762 -6586.19 0.8
-0.704067 -9281.2 0.8
-0.122311 -7238.54 0.8
-0.61795 -8852.19 0.8
-0.0976685 -7185.61 0.8
-0.16936 -7345.52 0.8
-0.310776 -7717.32 0.8
-0.394838 -7978.15 0.8
-0.446901 -8156.61 0.8
-0.454817 -8184.97 0.8
-0.612118 -8825.29 0.8
0.173716 -6733.58 0.8
0.62999 -6498.84 0.8
-0.217524 -7463.39 0.8
-0.535441 -8493.82 0.8
0.547733 -6488 0.8
-0.611417 -8822.08 0.8
0.153895 -6758.81 0.8
-0.200922 -7421.78 0.8
0.330575 -6576.18 0.8
-0.401842 -8001.37 0.8
0.316202 -6587.45 0.8
-0.425976 -8083.23 0.8
-0.729725 -9421.79 0.8
-0.747195 -9521.3 0.8
-0.261506 -7578.78 0.8
0.649223 -6505.37 0.8
0.20216 -6699.45 0.8
0.68691 -6522.93 0.8
0.10714 -6823.09 0.8
0.405172 -6528.17 0.8
0.593091 -6490.65 0.8
0.300135 -6600.81 0.8
-0.0230591 -7037.89 0.8
-0.483772 -8291.6 0.8
-0.431621 -8102.81 0.8
-0.141785 -7281.86 0.8
-0.330835 -7776.67 0.8
0.601305 -6491.99 0.8
-0.948076 -10960.2 0.8
-0.575062 -8660.12 0.8
0.0909491 -6846.92 0.8
0.630022 -6498.85 0.8
0.451497 -6507.45 0.8
-0.478119 -8270.42 0.8
0.467702 -6501.9 0.8
-0.530558 -8474.02 0.8
-0.802534 -9858.9 0.8
-0.706092 -9292.06 0.8
-0.83603 -10081.9 0.8
-0.171202 -7349.87 0.8
-0.336779 -7794.59 0.8
-0.637873 -8946.03 0.8
-0.238399 -7517.21 0.8
0.245141 -6652.56 0.8
-0.2318 -7500.01 0.8
-0.769526 -9653.26 0.8
-0.654209 -9025.3 0.8
0.0661034 -6885.05 0.8
-0.349901 -7834.72 0.8
0.091052 -6846.76 0.8
-0.757566 -9581.9 0.8
0.379173 -6542.88 0.8
-0.251996 -7553.18 0.8
-0.217096 -7462.31 0.8
-0.0630685 -7114.8 0.8
-0.770672 -9660.18 0.8
0.407697 -6526.86 0.8
0.0552919 -6902.25 0.8
0.43352 -6514.64 0.8
0.664724 -6511.81 0.8
0.642307 -6502.84 0.8
-0.198011 -7414.59 0.8
0.332934 -6574.39 0.8
0.588597 -6490.03 0.8
0.0879345 -6851.44 0.8
-0.0499528 -7089.01 0.8
-0.620826 -8865.55 0.8
0.226426 -6672.29 0.8
0.0358885 -6934.02 0.8
0.506623 -6492.28 0.8
-0.367907 -7891.06 0.8
-0.540121 -8512.94 0.8
-0.343454 -7814.91 0.8
0.291878 -6607.98 0.8
0.290417 -6609.28 0.8
-0.228003 -7490.2 0.8
-0.434616 -8113.26 0.8
0.401819 -6529.94 0.8
-0.384458 -7944.17 0.8
-0.647071 -8990.4 0.8
-0.375929 -7916.64 0.8
-0.628774 -8902.8 0.8
-0.169703 -7346.32 0.8
-0.0816872 -7152.4 0.8
-0.417625 -8054.57 0.8
0.831634 -6658.05 0.8
-0.182688 -7377.27 0.8
-0.225931 -7484.86 0.8
0.324963 -6580.5 0.8
0.0756471 -6870.18 0.8
-0.0647322 -7118.11 0.8
0.684779 -6521.76 0.8
-0.1814 -7374.17 0.8
-0.664424 -9075.98 0.8
0.527237 -6489.36 0.8
0.207467 -6693.36 0.8
0.641732 -6502.64 0.8
0.807249 -6626.73 0.8
0.0913187 -6846.36 0.8
-0.467147 -8229.82 0.8
-0.313444 -7725.12 0.8
0.174003 -6733.22 0.8
0.296851 -6603.64 0.8
0.283742 -6615.26 0.8
-0.172961 -7354.03 0.8
0.140045 -6777.16 0.8
-0.674594 -9127.31 0.8
-0.441384 -8137.05 0.8
-0.0578106 -7104.39 0.8
-0.267967 -7596.38 0.8
-0.300228 -7686.81 0.8
-0.300644 -7688 0.8
0.501027 -6493.33 0.8
0.49557 -6494.47 0.8
0.530746 -6489.02 0.8
0.0585026 -6897.1 0.8
-0.0887141 -7166.9 0.8
0.425827 -6518.05 0.8
-0.45556 -8187.65 0.8
-0.519818 -8430.99 0.8
-0.167518 -7341.18 0.8
-0.232821 -7502.66 0.8
-0.262683 -7581.97 0.8
-0.924226 -10753 0.8
0.037823 -6930.8 0.8
0.235095 -6663.02 0.8
0.461161 -6504.03 0.8
0.105779 -6825.06 0.8
-0.0879521 -7165.32 0.8
0.0208246 -6959.51 0.8
-0.099615 -7189.72 0.8
0.405932 -6527.77 0.8
0.761765 -6578.18 0.8
0.437282 -6513.05 0.8
-0.0315718 -7053.81 0.8
0.0516782 -6908.08 0.8
-0.403023 -8005.3 0.8
0.331169 -6575.72 0.8
-0.613384 -8831.11 0.8
0.20076 -6701.07 0.8
0.0841716 -6857.13 0.8
-0.0243812 -7040.35 0.8
-0.446492 -8155.16 0.8
-0.406391 -8016.58 0.8
0.779968 -6596.15 0.8
-0.00961734 -7013.22 0.8
-0.629422 -8905.85 0.8
-0.292132 -7663.71 0.8
-0.319176 -7741.96 0.8
0.282924 -6616 0.8
-0.460726 -8206.36 0.8
0.44835 -6508.63 0.8
-0.0400321 -7069.87 0.8
0.630944 -6499.13 0.8
0.00979894 -6978.62 0.8
-0.57028 -8639.49 0.8
-0.47615 -8263.09 0.8
-0.137456 -7272.12 0.8
0.501019 -6493.34 0.8
-0.0831405 -7155.39 0.8
-0.114683 -7221.93 0.8
0.251119 -6646.49 0.8
0.886555 -6743.99 0.8
-0.187124 -7387.99 0.8
0.519432 -6490.29 0.8
-0.168991 -7344.64 0.8
-0.469909 -8239.97 0.8
-0.718856 -9361.45 0.8
-0.110992 -7213.97 0.8
0.082723 -6859.33 0.8
-0.634553 -8930.18 0.8
0.145229 -6770.22 0.8
-0.627185 -8895.31 0.8
0.0515381 -6908.3 0.8
0.0728656 -6874.48 0.8
0.429661 -6516.33 0.8
-0.701528 -9267.63 0.8
-0.17249 -7352.91 0.8
0.830504 -6656.51 0.8
0.149605 -6764.43 0.8
0.0437601 -6920.99 0.8
0.79125 -6608.25 0.8
-0.0989924 -7188.4 0.8
0.351848 -6560.68 0.8
0.346678 -6564.32 0.8
-0.17927 -7369.07 0.8
0.137301 -6780.86 0.8
-0.335182 -7789.76 0.8
-0.550394 -8555.38 0.8
0.326291 -6579.47 0.8
0.404745 -6528.39 0.8
-0.567453 -8627.38 0.8
-0.58396 -8698.9 0.8
-0.651367 -9011.36 0.8
-0.71781 -9355.71 0.8
-0.0423902 -7074.39 0.8
-0.133462 -7263.18 0.8
-0.0442445 -7077.96 0.8
0.356739 -6557.32 0.8
-0.265139 -7588.65 0.8
-0.552942 -8566.02 0.8
0.487577 -6496.32 0.8
-0.116382 -7225.61 0.8
0.146841 -6768.08 0.8
0.549849 -6487.95 0.8
0.693328 -6526.57 0.8
-0.171038 -7349.48 0.8
-0.710315 -9314.85 0.8
0.289532 -6610.06 0.8
0.650213 -6505.75 0.8
-0.127892 -7250.82 0.8
0.771542 -6587.6 0.8
0.322407 -6582.5 0.8
0.660605 -6510 0.8
-0.0821705 -7153.39 0.8
-0.101694 -7194.12 0.8
0.321469 -6583.24 0.8
-0.487301 -8304.91 0.8
0.909767 -6787.53 0.8
-0.663598 -9071.85 0.8
-0.280943 -7632.23 0.8
0.920218 -6808.71 0.8
-0.147853 -7295.64 0.8
0.115515 -6811.09 0.8
0.703301 -6532.62 0.8
-0.117329 -7227.67 0.8
-0.436194 -8118.78 0.8
-0.331216 -7777.81 0.8
0.162604 -6747.58 0.8
-0.284571 -7642.38 0.8
0.0417507 -6924.3 0.8
0.0166226 -6966.75 0.8
-0.509073 -8388.65 0.8
0.742883 -6561.51 0.8
-0.45593 -8188.99 0.8
0.373236 -6546.55 0.8
-0.204168 -7429.83 0.8
0.455177 -6506.11 0.8
-0.508609 -8386.83 0.8
0.585152 -6489.61 0.8
0.0746971 -6871.65 0.8
-0.521683 -8438.41 0.8
0.470069 -6501.16 0.8
0.0364804 -6933.04 0.8
-0.622617 -8873.9 0.8
-0.64251 -8968.31 0.8
0.563106 -6488.01 0.8
-0.328638 -7770.08 0.8
-0.151492 -7303.96 0.8
-0.766802 -9636.86 0.8
-0.9062 -10604.4 0.8
-0.54238 -8522.21 0.8
0.087596 -6851.95 0.8
-0.827809 -10025.7 0.8
-0.281393 -7633.49 0.8
-0.432163 -8104.69 0.8
0.842626 -6673.48 0.8
0.203454 -6697.96 0.8
-0.0178459 -7028.25 0.8
0.0503758 -6910.19 0.8
-0.355834 -7853.12 0.8
-0.349029 -7832.03 0.8
0.176424 -6730.22 0.8
0.211379 -6688.92 0.8
-0.0269725 -7045.18 0.8
0.374539 -6545.73 0.8
0.209707 -6690.81 0.8
-0.517735 -8422.73 0.8
0.229321 -6669.17 0.8
-0.526012 -8455.72 0.8
-0.569345 -8635.48 0.8
-0.325994 -7762.19 0.8
-0.00808777 -7010.45 0.8
-0.641495 -8963.42 0.8
0.295506 -6604.8 0.8
0.170805 -6737.21 0.8
0.3352 -6572.69 0.8
0.0357141 -6934.32 0.8
-0.459943 -8203.51 0.8
-0.337076 -7795.5 0.8
-0.232233 -7501.14 0.8
0.616999 -6495.32 0.8
0.403643 -6528.97 0.8
0.00370604 -6989.35 0.8
-0.291294 -7661.33 0.8
0.395914 -6533.16 0.8
0.565415 -6488.09 0.8
-0.897291 -10533.3 0.8
0.579427 -6489.01 0.8
0.477728 -6498.92 0.8
-0.462023 -8211.08 0.8
-0.299662 -7685.19 0.8
-0.181742 -7375 0.8
0.158614 -6752.7 0.8
0.583081 -6489.38 0.8
-0.237541 -7514.96 0.8
-0.0996508 -7189.79 0.8
0.656782 -6508.38 0.8
-0.833295 -10063.1 0.8
0.461165 -6504.03 0.8
0.877483 -6728.2 0.8
-0.370457 -7899.16 0.8
0.0282146 -6946.92 0.8
0.177849 -6728.47 0.8
0.118312 -6807.12 0.8
0.0105759 -6977.26 0.8
-0.214108 -7454.74 0.8
0.643092 -6503.12 0.8
-0.302425 -7693.13 0.8
-0.739811 -9478.85 0.8
-0.450879 -8170.82 0.8
0.0530498 -6905.86 0.8
0.392771 -6534.91 0.8
0.453555 -6506.69 0.8
0.0691726 -6880.24 0.8
-0.424345 -8077.61 0.8
-0.222379 -7475.76 0.8
0.201252 -6700.5 0.8
0.360013 -6555.11 0.8
0.182149 -6723.2 0.8
-0.0266389 -7044.56 0.8
-0.377566 -7921.9 0.8
-0.00113913 -6997.97 0.8
-0.800256 -9844.27 0.8
0.531798 -6488.92 0.8
0.0274587 -6948.2 0.8
0.629335 -6498.65 0.8
0.63178 -6499.38 0.8
-0.0862467 -7161.79 0.8
0.166779 -6742.27 0.8
0.652691 -6506.72 0.8
0.626579 -6497.85 0.8
0.149289 -6764.85 0.8
0.525954 -6489.5 0.8
-0.851586 -10190.8 0.8
0.422689 -6519.5 0.8
0.270853 -6627.21 0.8
-0.0133957 -7020.1 0.8
0.0577004 -6898.39 0.8
0.185691 -6718.91 0.8
0.688409 -6523.76 0.8
0.462945 -6503.43 0.8
-0.2857 -7645.55 0.8
-0.15714 -7316.97 0.8
0.023631 -6954.71 0.8
0.232993 -6665.25 0.8
-0.586871 -8711.7 0.8
0.590658 -6490.3 0.8
0.114678 -6812.28 0.8
-0.108922 -7209.52 0.8
0.364391 -6552.22 0.8
0.0744042 -6872.1 0.8
0.817764 -6639.76 0.8
0.941469 -6855.01 0.8
-0.608553 -8808.97 0.8
-0.565525 -8619.14 0.8
0.893198 -6755.98 0.8
0.422386 -6519.64 0.8
-0.392686 -7971.06 0.8
-0.424695 -8078.81 0.8
-0.400982 -7998.5 0.8
-0.47923 -8274.57 0.8
-0.509804 -8391.5 0.8
0.450694 -6507.74 0.8
-0.734631 -9449.41 0.8
-0.316656 -7734.54 0.8
0.706658 -6534.76 0.8
0.434842 -6514.07 0.8
0.249464 -6648.16 0.8
0.0201453 -6960.68 0.8
0.84415 -6675.68 0.8
0.0732627 -6873.87 0.8
0.253844 -6643.75 0.8
-0.304604 -7699.41 0.8
-0.428379 -8091.54 0.8
-0.599008 -8765.74 0.8
-0.425009 -8079.9 0.8
-0.0568382 -7102.48 0.8
0.349505 -6562.32 0.8
-0.914763 -10674.2 0.8
0.741163 -6560.08 0.8
0.0409607 -6925.6 0.8
0.544511 -6488.11 0.8
0.299208 -6601.6 0.8
-0.141657 -7281.57 0.8
0.652077 -6506.48 0.8
-0.12971 -7254.84 0.8
0.367595 -6550.13 0.8
-0.170744 -7348.78 0.8
0.627352 -6498.07 0.8
-0.160908 -7325.71 0.8
-0.372043 -7904.21 0.8
-0.272115 -7607.77 0.8
0.63896 -6501.69 0.8
0.909555 -6787.11 0.8
0.473551 -6500.12 0.8
-0.636974 -8941.73 0.8
0.0112198 -6976.14 0.8
0.839204 -6668.58 0.8
0.206391 -6694.59 0.8
-0.0276802 -7046.5 0.8
0.693703 -6526.79 0.8
-0.412892 -8038.49 0.8
-0.488391 -8309.04 0.8
0.269231 -6628.75 0.8
0.367412 -6550.25 0.8
0.283321 -6615.64 0.8
-0.245053 -7534.72 0.8
0.362434 -6553.5 0.8
-0.172862 -7353.8 0.8
-0.241966 -7526.58 0.8
-0.0201109 -7032.43 0.8
0.506432 -6492.31 0.8
-0.795815 -9815.96 0.8
-0.393208 -7972.78 0.8
-0.000460082 -6996.75 0.8
0.628352 -6498.36 0.8
0.213046 -6687.04 0.8
-0.17544 -7359.92 0.8
-0.427249 -8087.63 0.8
-0.386974 -7952.36 0.8
0.2569 -6640.72 0.8
0.807022 -6626.46 0.8
0.732068 -6552.82 0.8
-0.47412 -8255.54 0.8
-0.208814 -7441.43 0.8
0.0478447 -6914.3 0.8
0.291156 -6608.62 0.8
0.0817902 -6860.75 0.8
0.0811599 -6861.71 0.8
0.271432 -6626.66 0.8
-0.050955 -7090.96 0.8
0.693353 -6526.58 0.8
0.446008 -6509.53 0.8
0.223054 -6675.96 0.8
0.729125 -6550.56 0.8
0.203108 -6698.36 0.8
0.815471 -6636.86 0.8
0.283827 -6615.19 0.8
-0.59178 -8733.43 0.8
-0.233142 -7503.5 0.8
-0.211434 -7448 0.8
-0.561837 -8603.47 0.8
-0.0632036 -7115.07 0.8
-0.418802 -8058.59 0.8
-0.143216 -7285.1 0.8
0.573204 -6488.51 0.8
0.0267494 -6949.4 0.8
0.206848 -6694.07 0.8
0.607541 -6493.19 0.8
-0.0454127 -7080.21 0.8
-0.183015 -7378.06 0.8
0.69933 -6530.15 0.8
0.0783878 -6865.96 0.8
-0.0922861 -7174.33 0.8
-0.256051 -7564.05 0.8
0.0229572 -6955.86 0.8
0.275966 -6622.41 0.8
0.173178 -6734.25 0.8
-0.682922 -9170 0.8
0.523967 -6489.72 0.8
0.41945 -6521.02 0.8
-0.288524 -7653.5 0.8
-0.53951 -8510.43 0.8
-0.53403 -8488.08 0.8
-0.488033 -8307.69 0.8
0.499252 -6493.69 0.8
-0.187469 -7388.82 0.8
-0.307582 -7708.03 0.8
-0.260854 -7577.01 0.8
0.0268363 -6949.25 0.8
-0.090021 -7169.61 0.8
0.48788 -6496.25 0.8
0.477693 -6498.92 0.8
0.200076 -6701.87 0.8
-0.774067 -9680.78 0.8
0.343031 -6566.93 0.8
-0.570092 -8638.69 0.8
0.0611631 -6892.86 0.8
0.516865 -6490.64 0.8
-0.805061 -9875.2 0.8
0.113321 -6814.21 0.8
0.851648 -6686.77 0.8
-0.464163 -8218.89 0.8
-0.114071 -7220.61 0.8
0.0385036 -6929.67 0.8
0.242059 -6655.74 0.8
-0.0100881 -7014.08 0.8
-0.228826 -7492.32 0.8
-0.0654978 -7119.64 0.8
-0.394023 -7975.46 0.8
-0.931481 -10814.7 0.8
-0.476792 -8265.47 0.8
0.839023 -6668.33 0.8
0.454943 -6506.19 0.8
0.0270795 -6948.84 0.8
0.40957 -6525.9 0.8
-0.663098 -9069.35 0.8
0.118897 -6806.3 0.8
-0.708949 -9307.46 0.8
0.756603 -6573.43 0.8
-0.383111 -7939.8 0.8
0.516142 -6490.74 0.8
0.0952578 -6840.5 0.8
0.502501 -6493.05 0.8
0.301145 -6599.94 0.8
0.241455 -6656.36 0.8
-0.679959 -9154.74 0.8
0.227682 -6670.93 0.8
-0.599128 -8766.28 0.8
-0.22014 -7470.04 0.8
0.149756 -6764.23 0.8
-0.554621 -8573.05 0.8
-0.277523 -7622.72 0.8
0.498541 -6493.84 0.8
-0.0159179 -7024.71 0.8
0.487003 -6496.47 0.8
-0.108093 -7207.75 0.8
0.342178 -6567.55 0.8
0.124201 -6798.86 0.8
-0.602464 -8781.32 0.8
-0.640238 -8957.38 0.8
-0.675826 -9133.59 0.8
0.129453 -6791.58 0.8
0.728023 -6549.72 0.8
-0.297664 -7679.46 0.8
0.205875 -6695.18 0.8
-0.333614 -7785.03 0.8
0.817969 -6640.02 0.8
-0.597211 -8757.67 0.8
-0.0253185 -7042.09 0.8
0.800865 -6619.17 0.8
0.269737 -6628.27 0.8
-0.566878 -8624.92 0.8
-0.541844 -8520.01 0.8
0.525829 -6489.51 0.8
0.020878 -6959.42 0.8
-0.401043 -7998.7 0.8
-0.157444 -7317.67 0.8
-0.794523 -9807.77 0.8
0.20423 -6697.07 0.8
0.159489 -6751.57 0.8
0.671009 -6514.73 0.8
-0.0349209 -7060.14 0.8
-0.328031 -7768.27 0.8
-0.263976 -7585.49 0.8
-0.599027 -8765.82 0.8
0.041659 -6924.45 0.8
-0.156397 -7315.25 0.8
0.807156 -6626.62 0.8
-0.571767 -8645.89 0.8
0.310451 -6592.14 0.8
0.0767656 -6868.45 0.8
-0.750642 -9541.31 0.8
0.772801 -6588.85 0.8
0.942267 -6856.84 0.8
-0.497822 -8345.03 0.8
0.849596 -6683.7 0.8
0.0571032 -6899.34 0.8
-0.530017 -8471.84 0.8
-0.171279 -7350.05 0.8
-0.387725 -7954.81 0.8
0.0436292 -6921.21 0.8
0.866112 -6709.34 0.8
-0.22018 -7470.14 0.8
0.615282 -6494.9 0.8
-0.791682 -9789.83 0.8
0.315947 -6587.65 0.8
0.0926119 -6844.43 0.8
0.269451 -6628.54 0.8
-0.489229 -8312.22 0.8
0.254385 -6643.21 0.8
0.185543 -6719.09 0.8
-0.694128 -9228.42 0.8
-0.201396 -7422.95 0.8
-0.183607 -7379.48 0.8
-0.334076 -7786.43 0.8
0.57322 -6488.51 0.8
-0.0356976 -7061.62 0.8
0.0434457 -6921.51 0.8
0.0828079 -6859.2 0.8
0.646775 -6504.45 0.8
0.540409 -6488.31 0.8
0.148839 -6765.44 0.8
0.325395 -6580.16 0.8
0.171464 -6736.38 0.8
-0.0117925 -7017.18 0.8
-0.395822 -7981.4 0.8
-0.22845 -7491.35 0.8
0.386529 -6538.5 0.8
0.443526 -6510.5 0.8
-0.213329 -7452.78 0.8
0.311826 -6591.01 0.8
0.101329 -6831.55 0.8
0.0708471 -6877.62 0.8
0.033605 -6937.84 0.8
-0.66327 -9070.21 0.8
0.245136 -6652.57 0.8
-0.41203 -8035.57 0.8
-0.670036 -9104.19 0.8
-0.438716 -8127.64 0.8
0.36765 -6550.1 0.8
0.606554 -6492.99 0.8
-0.326634 -7764.1 0.8
-0.154438 -7310.73 0.8
0.269409 -6628.58 0.8
-0.778418 -9707.37 0.8
-0.321423 -7748.6 0.8
0.316066 -6587.56 0.8
-0.547322 -8542.62 0.8
0.629815 -6498.79 0.8
-0.135968 -7268.78 0.8
-0.116593 -7226.07 0.8
-0.113553 -7219.49 0.8
0.297961 -6602.68 0.8
-0.205492 -7433.13 0.8
0.531965 -6488.91 0.8
0.527931 -6489.29 0.8
0.415028 -6523.16 0.8
0.336684 -6571.58 0.8
-0.669292 -9100.44 0.8
-0.0396577 -7069.16 0.8
-0.422595 -8071.59 0.8
0.206599 -6694.35 0.8
-0.824842 -10005.7 0.8
-0.380852 -7932.49 0.8
-0.538077 -8504.57 0.8
0.0213667 -6958.58 0.8
0.205177 -6695.98 0.8
-0.200479 -7420.68 0.8
-0.610482 -8817.79 0.8
-0.575028 -8659.97 0.8
-0.372178 -7904.64 0.8
0.203322 -6698.11 0.8
0.254463 -6643.14 0.8
0.203867 -6697.48 0.8
0.268518 -6629.43 0.8
0.616575 -6495.21 0.8
-0.334403 -7787.41 0.8
-0.70992 -9312.71 0.8
0.574676 -6488.61 0.8
0.231387 -6666.96 0.8
-0.368554 -7893.11 0.8
-0.313118 -7724.16 0.8
-0.904054 -10587.2 0.8
0.203493 -6697.91 0.8
0.407244 -6527.09 0.8
0.0305696 -6942.94 0.8
0.45315 -6506.84 0.8
-0.876082 -10370 0.8
-0.0787658 -7146.43 0.8
0.0596137 -6895.33 0.8
0.33947 -6569.52 0.8
0.257872 -6639.76 0.8
-0.424606 -8078.51 0.8
0.484138 -6497.19 0.8
0.0802819 -6863.06 0.8
0.332566 -6574.66 0.8
-0.476085 -8262.84 0.8
-0.503037 -8365.15 0.8
-0.891857 -10490.7 0.8
0.617729 -6495.5 0.8
0.41352 -6523.91 0.8
0.0802333 -6863.13 0.8
-0.0887068 -7166.88 0.8
0.105649 -6825.25 0.8
0.136193 -6782.36 0.8
-0.43128 -8101.62 0.8
-0.0511999 -7091.43 0.8
0.0152458 -6969.13 0.8
-0.840793 -10114.8 0.8
0.353144 -6559.78 0.8
-0.837939 -10095 0.8
-0.858678 -10241.7 0.8
0.0697185 -6879.38 0.8
-0.374506 -7912.08 0.8
0.171718 -6736.07 0.8
0.0858763 -6854.55 0.8
0.751346 -6568.74 0.8
0.0894457 -6849.17 0.8
-0.487051 -8303.97 0.8
0.162176 -6748.12 0.8
0.712799 -6538.83 0.8
0.314474 -6588.85 0.8
-0.077553 -7143.95 0.8
-0.924419 -10754.6 0.8
0.642801 -6503.01 0.8
0.3219 -6582.9 0.8
0.659299 -6509.44 0.8
0.456773 -6505.54 0.8
0.0240789 -6953.94 0.8
-0.140005 -7277.85 0.8
0.255746 -6641.86 0.8
0.651222 -6506.14 0.8
-0.465864 -8225.11 0.8
0.0475563 -6914.77 0.8
0.36558 -6551.44 0.8
-0.30018 -7686.67 0.8
0.527811 -6489.3 0.8
0.0293217 -6945.05 0.8
-0.544955 -8532.83 0.8
0.492202 -6495.22 0.8
0.287859 -6611.55 0.8
0.443907 -6510.35 0.8
-0.711938 -9323.65 0.8
-0.155824 -7313.93 0.8
-0.459838 -8203.13 0.8
-0.651726 -9013.12 0.8
0.398931 -6531.5 0.8
0.536214 -6488.57 0.8
-0.0593886 -7107.51 0.8
-0.173807 -7356.04 0.8
0.513988 -6491.06 0.8
0.660235 -6509.84 0.8
0.545681 -6488.07 0.8
-0.212314 -7450.22 0.8
-0.0437094 -7076.93 0.8
-0.0787292 -7146.35 0.8
0.504188 -6492.73 0.8
0.329221 -6577.21 0.8
0.615844 -6495.04 0.8
0.443912 -6510.35 0.8
-0.42022 -8063.44 0.8
-0.0188415 -7030.09 0.8
-0.319611 -7743.25 0.8
-0.0419994 -7073.64 0.8
0.447399 -6508.99 0.8
-0.408657 -8024.19 0.8
-0.363384 -7876.77 0.8
0.543982 -6488.13 0.8
-0.757769 -9583.1 0.8
-0.128121 -7251.33 0.8
-0.425059 -8080.07 0.8
0.0333797 -6938.22 0.8
-0.583087 -8695.07 0.8
0.249906 -6647.71 0.8
0.202743 -6698.78 0.8
-0.412528 -8037.26 0.8
0.0459331 -6917.43 0.8
-0.104183 -7199.4 0.8
-0.295291 -7672.69 0.8
-0.808501 -9897.52 0.8
0.496538 -6494.26 0.8
0.435315 -6513.87 0.8
-0.278597 -7625.7 0.8
0.282644 -6616.26 0.8
0.239377 -6658.52 0.8
0.846554 -6679.19 0.8
0.298562 -6602.16 0.8
0.434641 -6514.16 0.8
0.494692 -6494.66 0.8
-0.57172 -8645.69 0.8
-0.231644 -7499.61 0.8
0.412426 -6524.45 0.8
0.191021 -6712.52 0.8
-0.380216 -7930.44 0.8
0.761988 -6578.39 0.8
-0.534756 -8491.03 0.8
0.110315 -6818.51 0.8
-0.080882 -7150.75 0.8
0.588839 -6490.06 0.8
0.275425 -6622.91 0.8
0.389996 -6536.49 0.8
0.0893747 -6849.28 0.8
-0.281924 -7634.97 0.8
0.602627 -6492.23 0.8
0.896589 -6762.24 0.8
-0.427352 -8087.99 0.8
0.153335 -6759.54 0.8
-0.680006 -9154.98 0.8
-0.334595 -7787.99 0.8
0.434787 -6514.1 0.8
-0.0560457 -7100.92 0.8
-0.757896 -9583.84 0.8
0.100733 -6832.42 0.8
0.169174 -6739.25 0.8
-0.315052 -7729.83 0.8
0.0999503 -6833.57 0.8
0.0886336 -6850.39 0.8
0.656806 -6508.39 0.8
-0.586364 -8709.47 0.8
0.214759 -6685.12 0.8
-0.497464 -8343.66 0.8
0.684244 -6521.47 0.8
-0.440165 -8132.74 0.8
0.144733 -6770.88 0.8
-0.719018 -9362.34 0.8
-0.401999 -8001.89 0.8
-0.110989 -7213.96 0.8
-0.0588786 -7106.5 0.8
0.743112 -6561.7 0.8
0.132863 -6786.9 0.8
0.231188 -6667.17 0.8
0.177451 -6728.96 0.8
-0.525351 -8453.08 0.8
0.0798349 -6863.74 0.8
0.673083 -6515.74 0.8
0.440628 -6511.67 0.8
-0.067799 -7124.24 0.8
-0.0493186 -7087.77 0.8
-0.107869 -7207.27 0.8
0.248717 -6648.92 0.8
-0.100455 -7191.49 0.8
-0.304609 -7699.43 0.8
0.630305 -6498.93 0.8
-0.882208 -10416.4 0.8
0.628236 -6498.32 0.8
-0.490255 -8316.11 0.8
0.191705 -6711.71 0.8
-0.0238123 -7039.29 0.8
0.767292 -6583.44 0.8
-0.263055 -7582.98 0.8
0.0837761 -6857.73 0.8
0.349892 -6562.05 0.8
-0.0928586 -7175.53 0.8
0.651678 -6506.32 0.8
-0.483928 -8292.19 0.8
0.376744 -6544.37 0.8
0.339233 -6569.7 0.8
0.190681 -6712.93 0.8
-0.01812 -7028.76 0.8
-0.2542 -7559.08 0.8
0.188528 -6715.5 0.8
0.595061 -6490.95 0.8
-0.548095 -8545.83 0.8
-0.459487 -8201.86 0.8
-0.720548 -9370.77 0.8
0.205232 -6695.91 0.8
0.117942 -6807.65 0.8
-0.428054 -8090.42 0.8
0.21359 -6686.43 0.8
0.943103 -6858.76 0.8
-0.0352603 -7060.79 0.8
-0.204405 -7430.42 0.8
0.127602 -6794.14 0.8
0.197137 -6705.3 0.8
0.178514 -6727.65 0.8
0.713607 -6539.38 0.8
0.578109 -6488.89 0.8
-0.780866 -9722.42 0.8
0.154692 -6757.77 0.8
0.0166855 -6966.64 0.8
0.265375 -6632.44 0.8
-0.801828 -9854.36 0.8
-0.00653525 -7007.65 0.8
-0.965098 -11116.3 0.8
-0.107752 -7207.02 0.8
-0.523999 -8447.66 0.8
0.26846 -6629.48 0.8
-0.286135 -7646.78 0.8
-0.161717 -7327.6 0.8
-0.193532 -7403.59 0.8
0.806879 -6626.29 0.8
0.530132 -6489.08 0.8
-0.614459 -8836.06 0.8
-0.59401 -8743.36 0.8
0.248028 -6649.61 0.8
-0.566806 -8624.61 0.8
-0.00321785 -7001.69 0.8
-0.490178 -8315.82 0.8
-0.453849 -8181.49 0.8
0.0180841 -6964.23 0.8
0.814462 -6635.59 0.8
0.57966 -6489.03 0.8
-0.814429 -9936.34 0.8
-0.289433 -7656.07 0.8
0.491212 -6495.45 0.8
-0.134509 -7265.52 0.8
0.133947 -6785.42 0.8
0.615289 -6494.91 0.8
0.0348565 -6935.75 0.8
0.162262 -6748.01 0.8
0.367124 -6550.44 0.8
0.655231 -6507.74 0.8
0.0706302 -6877.96 0.8
0.872121 -6719.18 0.8
-0.0919746 -7173.68 0.8
0.340936 -6568.45 0.8
0.419208 -6521.14 0.8
0.150834 -6762.82 0.8
0.651675 -6506.32 0.8
0.248969 -6648.66 0.8
-0.641901 -8965.38 0.8
0.150465 -6763.3 0.8
-0.616714 -8846.47 0.8
0.129432 -6791.61 0.8
-0.464727 -8220.95 0.8
0.768777 -6584.88 0.8
0.25571 -6641.9 0.8
-0.0359412 -7062.08 0.8
-0.250104 -7548.13 0.8
0.585995 -6489.71 0.8
0.569888 -6488.3 0.8
0.497849 -6493.98 0.8
0.569027 -6488.25 0.8
0.268529 -6629.42 0.8
-0.845378 -10146.9 0.8
0.848334 -6681.82 0.8
0.0250187 -6952.34 0.8
0.380658 -6541.98 0.8
0.753764 -6570.88 0.8
0.055791 -6901.45 0.8
0.365524 -6551.47 0.8
-0.372641 -7906.12 0.8
0.336159 -6571.97 0.8
-0.59051 -8727.79 0.8
-0.299077 -7683.51 0.8
-0.193716 -7404.04 0.8
0.206277 -6694.72 0.8
0.366168 -6551.06 0.8
-0.73703 -9463.02 0.8
-0.816378 -9949.21 0.8
0.562068 -6487.98 0.8
-0.733255 -9441.64 0.8
0.617239 -6495.38 0.8
0.618904 -6495.79 0.8
0.840218 -6670.03 0.8
-0.530576 -8474.1 0.8
0.599098 -6491.6 0.8
-0.591461 -8732.01 0.8
0.0519339 -6907.66 0.8
0.103237 -6828.76 0.8
-0.0662943 -7121.23 0.8
0.321884 -6582.91 0.8
-0.540316 -8513.74 0.8
0.0332902 -6938.37 0.8
-0.746447 -9516.97 0.8
0.230767 -6667.62 0.8
-0.437994 -8125.1 0.8
-0.213895 -7454.2 0.8
-0.489792 -8314.36 0.8
-0.566356 -8622.69 0.8
0.428635 -6516.78 0.8
0.151026 -6762.56 0.8
-0.689337 -9203.31 0.8
-0.350154 -7835.51 0.8
-0.458101 -8196.84 0.8
-0.256545 -7565.38 0.8
0.549222 -6487.96 0.8
0.482532 -6497.61 0.8
-0.0407834 -7071.31 0.8
-0.512236 -8401.04 0.8
-0.711111 -9319.16 0.8
0.00903424 -6979.96 0.8
-0.35133 -7839.14 0.8
-0.00452701 -7004.04 0.8
-0.218695 -7466.37 0.8
0.613178 -6494.41 0.8
0.35124 -6561.1 0.8
0.696451 -6528.41 0.8
-0.185904 -7385.03 0.8
-0.0120202 -7017.59 0.8
0.553432 -6487.9 0.8
0.0485131 -6913.21 0.8
0.611287 -6493.99 0.8
-0.590052 -8725.76 0.8
0.261328 -6636.36 0.8
0.445205 -6509.84 0.8
0.264544 -6633.24 0.8
0.617656 -6495.48 0.8
-0.323101 -7753.58 0.8
-0.245142 -7534.96 0.8
0.497672 -6494.02 0.8
-0.229558 -7494.21 0.8
-0.241375 -7525.02 0.8
0.182136 -6723.22 0.8
0.0272415 -6948.57 0.8
0.252169 -6645.43 0.8
-0.254382 -7559.57 0.8
-0.128911 -7253.07 0.8
-0.36232 -7873.42 0.8
-0.0892116 -7167.93 0.8
0.769018 -6585.11 0.8
0.210048 -6690.43 0.8
-0.244231 -7532.55 0.8
-0.497185 -8342.59 0.8
-0.386363 -7950.37 0.8
-0.0644355 -7117.52 0.8
0.41622 -6522.58 0.8
0.26474 -6633.05 0.8
-0.554726 -8573.48 0.8
0.122938 -6800.62 0.8
0.526303 -6489.46 0.8
0.518678 -6490.39 0.8
-0.108677 -7209 0.8
0.220908 -6678.31 0.8
0.57596 -6488.71 0.8
-0.547556 -8543.59 0.8
0.588286 -6489.99 0.8
-0.257169 -7567.06 0.8
-0.342254 -7811.25 0.8
-0.446926 -8156.7 0.8
0.556177 -6487.9 0.8
-0.755178 -9567.84 0.8
-0.36084 -7868.77 0.8
-0.81571 -9944.79 0.8
0.453411 -6506.74 0.8
0.371805 -6547.45 0.8
-0.624106 -8880.86 0.8
-0.139454 -7276.61 0.8
0.764034 -6580.32 0.8
-0.270116 -7602.27 0.8
-0.33043 -7775.46 0.8
0.784454 -6600.87 0.8
-0.137768 -7272.82 0.8
-0.326417 -7763.45 0.8
0.185116 -6719.6 0.8
-0.27292 -7609.98 0.8
-0.655723 -9032.76 0.8
-0.150626 -7301.97 0.8
0.635605 -6500.58 0.8
-0.255976 -7563.85 0.8
-0.626195 -8890.66 0.8
-0.366042 -7885.16 0.8
0.377893 -6543.66 0.8
-0.148487 -7297.08 0.8
-0.143209 -7285.08 0.8
0.3171 -6586.72 0.8
-0.525627 -8454.18 0.8
0.856573 -6694.28 0.8
-0.588236 -8717.72 0.8
0.0121523 -6974.51 0.8
0.301455 -6599.68 0.8
0.321429 -6583.27 0.8
-0.398233 -7989.37 0.8
0.0258658 -6950.9 0.8
-0.593333 -8740.34 0.8
0.375327 -6545.24 0.8
-0.33412 -7786.56 0.8
-0.471011 -8244.04 0.8
0.0837453 -6857.78 0.8
-0.395432 -7980.11 0.8
0.871311 -6717.84 0.8
0.672882 -6515.64 0.8
0.291127 -6608.65 0.8
0.554966 -6487.89 0.8
0.917524 -6803.15 0.8
-0.00170921 -6998.99 0.8
0.531656 -6488.94 0.8
-0.822287 -9988.53 0.8
-0.0719554 -7132.6 0.8
0.56847 -6488.23 0.8
-0.155763 -7313.79 0.8
-0.22857 -7491.66 0.8
0.717622 -6542.15 0.8
0.48281 -6497.54 0.8
0.411622 -6524.86 0.8
0.084174 -6857.13 0.8
0.331449 -6575.51 0.8
-0.594476 -8745.44 0.8
0.109496 -6819.69 0.8
-0.791041 -9785.79 0.8
-0.216517 -7460.84 0.8
0.345682 -6565.03 0.8
0.133382 -6786.19 0.8
-0.327322 -7766.15 0.8
-0.322338 -7751.32 0.8
-0.00990018 -7013.74 0.8
0.299784 -6601.11 0.8
-0.458916 -8199.79 0.8
0.0371626 -6931.9 0.8
0.370609 -6548.2 0.8
-0.638404 -8948.57 0.8
-0.222257 -7475.45 0.8
-0.462259 -8211.94 0.8
0.211739 -6688.51 0.8
0.352805 -6560.02 0.8
0.209523 -6691.02 0.8
0.869878 -6715.47 0.8
0.614775 -6494.78 0.8
-0.322078 -7750.55 0.8
0.82777 -6652.83 0.8
-0.624037 -8880.54 0.8
-0.151097 -7303.05 0.8
0.415397 -6522.98 0.8
-0.868169 -10311.1 0.8
0.500164 -6493.51 0.8
-0.0599903 -7108.7 0.8
0.48882 -6496.02 0.8
-0.258683 -7571.14 0.8
0.406787 -6527.33 0.8
0.610235 -6493.76 0.8
-0.0152894 -7023.56 0.8
0.517808 -6490.51 0.8
0.0642762 -6887.93 0.8
0.104696 -6826.64 0.8
-0.259506 -7573.37 0.8
-0.361993 -7872.39 0.8
0.182385 -6722.92 0.8
-0.289628 -7656.62 0.8
0.495512 -6494.48 0.8
-0.41898 -8059.2 0.8
0.241452 -6656.37 0.8
0.312159 -6590.73 0.8
0.415832 -6522.77 0.8
-0.0794848 -7147.89 0.8
0.298636 -6602.09 0.8
0.546994 -6488.02 0.8
-0.595401 -8749.57 0.8
0.397438 -6532.32 0.8
0.641038 -6502.4 0.8
0.545685 -6488.07 0.8
-0.641448 -8963.2 0.8
-0.762907 -9613.57 0.8
-0.174533 -7357.76 0.8
0.56085 -6487.95 0.8
0.472784 -6500.34 0.8
0.325581 -6580.02 0.8
0.110475 -6818.29 0.8
0.287568 -6611.81 0.8
-0.878744 -10390.1 0.8
0.763017 -6579.36 0.8
0.0635428 -6889.09 0.8
0.291425 -6608.38 0.8
0.0576827 -6898.41 0.8
-0.21751 -7463.36 0.8
-0.122798 -7239.61 0.8
-0.27668 -7620.38 0.8
-0.749983 -9537.47 0.8
-0.331391 -7778.34 0.8
0.156516 -6755.41 0.8
-0.32191 -7750.05 0.8
-0.579841 -8680.87 0.8
-0.601849 -8778.54 0.8
-0.571183 -8643.37 0.8
0.336079 -6572.03 0.8
0.599316 -6491.64 0.8
-0.503178 -8365.7 0.8
0.560408 -6487.94 0.8
0.248198 -6649.44 0.8
